config,science,cost
000100000000000000100100000000000010000000000000000000000000,0.06191831971147099,2163.535147774318
010100000000000000000000000000000000010000000000000000000000,0.007734478345180595,1442.1709484976568
000100000011000001000100000010011010110000100000000000100000,0.06661815437551455,6140.623926521478
101101000000001001000000000000000000000011000000000000001000,0.08521138953197993,7663.986142612603
000000000000000001000000000000000000000000010000101000001000,0.06880373291839115,3105.411765530427
000000000000000000010000000000100110000000000001000000110100,0.12297085833052401,2953.307403695323
000000000000000000000000000000100110000000000001000100110100,0.08558471015144886,3378.8939124284616
000000000000111000000000000000100000000000000010001000000000,0.05995300304022966,3112.5515994659613
100000000000000000000000000000000000000000011000000000000000,0.014462097500000048,1019.3292340898995
000000000000111000000000000000100000000000100100000001000000,0.08744059641428681,4261.131979858047
001010000000010000000010000000000010000000000000000000001000,0.08134225804855666,3575.8195242652446
000000100000000001000010000000000100000000000000000000000000,0.05356482505408122,2206.7332944906725
000000000100000000001000000000000000000000000110000000000000,0.05676770982758783,1737.3693279316667
000000000000100000000100000000000000000000100001000000010000,0.14953132423627247,1584.990318320016
000000000100001000001000000000010000000000000000000100110100,0.07862201147619352,4055.932971060738
100000000100000000001000000000000000000000000100000000000000,0.05453481719775899,1856.788913392441
000000000000000010000000011000000000001010100011000000010001,0.13109406765384857,5109.0557807396435
001000000000010000000000000000000000000001000110000000000000,0.04182966409310307,2403.570472363006
010100000000000000100100000000000010000000000000000000000000,0.06587345699750435,2481.1856071706297
001000000000010000000100000000100001000000000100000001000000,0.13347678766572546,3609.3669363328754
000000000100100000000100000000000000000000100001000000010000,0.1647445698545671,2033.398681685606
000001000011000001000100000010011010110000100000010000000000,0.11879505602327367,6142.384030463822
001000000000000000000000000000100000001000000000000000000000,0.024406402500000035,1712.585135799845
000000000100000000001000000000000000000000000000101000001000,0.10899777954867096,3049.4386001442986
010000000000000000000000000000000000000000000000000000010000,0.057066321249999996,433.05090450269745
000000000000000000000000000000000010000000011000000000000000,0.0,1010.3884856536167
000000000100001000000000000000010000000000000100000100000000,0.05978916387311106,2533.0260258585
000000000000010000000000000000000000000000011000000000000000,0.025446749999999962,1028.8102185389262
000100000000000000100000100000000010000010000000000010000010,0.06439824022199547,3036.3456171098965
000010000000010000000100000000100001000000000100000001100000,0.13604122952633335,4058.939123769218
000000000000000000000000000000000001000010000100100000010100,0.11544151892698884,2535.6085919633274
100000100000000000000000000000000000000000000000000000010000,0.09086909326250003,761.8302977182569
000000000000000000000000000000000000000000011000000100000000,0.0037756079503907802,1554.3412213548274
010110000000000000100100000000000010000000000000000000000000,0.06644470728886709,3469.288571997161
001000000000000000000000000001000000000000000100000001000000,0.0432190738363033,3043.6292344583308
000110000000000000100100000000000010000000000000000000000000,0.06205077367803258,3140.2399125783218
001000000000010000000001000000100001000000000000100000001000,0.14377885641120813,2837.9822672810833
000000001000000000000000000000000000000000100001000000010000,0.11827545354228586,1506.5971793918648
000000000100100000000100000000000000100000100001000000010100,0.1508328851831705,2577.8476269528173
010000000100100110001000010000000110000000010000000000100000,0.07770962000715509,5016.341270335593
010000010000000000000000000000000000000000100001000000010000,0.1415706657125,1179.767370557594
000010100010010010000000011000000000001000000000000000010000,0.10113469798850516,4309.599697467028
001000000000010000000000000000100000000001000110000000000000,0.05957824389865185,2831.308493242342
001000000000010000000000000000100001000000000010100001000000,0.12307757671281183,3149.136882104106
000000000000000000000000000000000000010000100001000000010000,0.11129565763750005,1003.3881225170708
000000000000000000000000011000000000001010000011000000010001,0.10735054063000782,3982.602537492836
000000000000000000000000000000100110000000000001000000010000,0.0968211536979503,1897.6021270035092
000000000000000000000000000000100110000000000001000000010001,0.09941624119795023,2162.8914735195613
000000000100100000000110000000000000100000100001000000010100,0.15124650263059292,2864.8517862505587
000000000000000000000000001000000000000000000000000000000000,0.0022939537499999663,678.0202911946997
010000010000000100000000000000000000000000100001000000000000,0.11903504642058793,1881.3210600240843
000000000000000000000000000000000001000010100100100000010100,0.12240035556997797,3108.9530190817773
011000000000000000000000000000000000000000000000000000010000,0.05783097250000002,1038.8970865612614
000000000011000001000100000010011010110000000001000000010000,0.12201751753578816,5233.331111785322
000000000100000000000000001000000000000000000000000001000000,0.07305328045909976,2144.643964062159
010000010000000100000000000000000000110000100001000000010100,0.14330674577421676,3569.49284071131
100100000100001000000000000000010000000000000000000010000000,0.0387396901993875,2872.8939495815634
000010100010010010100000011000000000001010000000000010000000,0.08704023552906859,6640.952266316808
000001000000000000000000000000000001000010000100100000010100,0.14545450026941187,3544.913138645344
000000000100100000001000000000000000000000000000000000010000,0.09665781180203692,1579.96280274009
010000010000000110000000000000000000000000000011000000010001,0.12770568854975806,3092.019855720044
000000000000000000000000001000000000000000000000000010010000,0.04746922394999997,1349.8146606576897
010000000000000000100000000000000000010000000000000000000000,0.04570804758750002,959.1164178305864
100000000000100000000100000000000000000000100001000000010000,0.15738324595684605,1844.2143449312114
000000000100100000000100000000000000101000100001000000010100,0.14341304728531568,4285.624558827523
000000000010000000000000000000000001000010000100000001100000,0.09344745919274366,3549.9192197091593
000000000000000010000000000000000000000000100001000000010000,0.11227978446249998,1467.390803262512
000000000000000000000001000000000000000000011000000000000000,0.05414406562499996,1126.0406454004246
000001000000000000000000000000000000010000100001000000010000,0.13540191537322177,2012.6926691990875
010000000000000000000000010000000000010000000000000000000000,0.025446749999999962,795.385572524033
000000000000000010000000010000000000000000000000000000000000,0.0,897.8562583602854
000000000100100000000100000000000000000000100001010000010000,0.18513038029346762,2186.6711621061986
000100000000000000000001000000000000100000100001000000010100,0.14225613114086455,2584.8413274993495
000001000000000000000000000000001000010000100001000000010000,0.13540191537322177,2679.563045444143
000001000000000000000000000000000000010000101001000000010000,0.09462350291958188,3133.081466465118
000000000100100000000110000000000000000000100001000000010100,0.15124650263059292,2707.6813167929845
000000000000010010000000000000000000000000000000000000000000,0.024158106118938094,1483.3986544356956
010000000000000000000000000000000000000000100001000000011000,0.1588738627048818,1701.9834851114956
000000000100100000000100000001000000000000000000000000010000,0.11116461883338613,2362.6367445546457
010000000000000100000000000000000000000010000100101000010100,0.08598143892735521,4334.45098472711
000000000000000000000000000000000000000000000001000000011000,0.11062939043606257,1131.402187687159
000000000001000000000000000000000000000000011000000000000000,0.06140520000000005,1126.0406454004246
000000000000010010000000000000000000000000100001000000010000,0.13446886440501304,2320.784469328929
100000000000100000000100001000000000000000000000000010010000,0.09998859265688786,2356.6431906956677
000000000001000000000000000000010001000010000100100000010100,0.12241359080198877,2965.4418882257314
000000000000100000000100100000000000000000100001000000010000,0.14953132423627247,1843.4956908160977
000000000010000000000100000000000000000000100001000000010000,0.1520166410023407,1539.514425107086
100000000000100000000100000000000000000000000000000000000000,0.0540718424568879,1006.8285300379778
000000000100100000000100000100000000000000100001000000010000,0.1647445698545671,2894.1646883641865
000000000000000000000001000000000000000000011000000000010010,0.10245412578662494,1397.2236865723983
000000011000000000000000000000000000000000100001000000010000,0.11919996458278292,1635.47269275352
000000000100100000000100000010000000000000100001000000010000,0.16671282350456706,2657.578757203518
000001000000000000000000000000000000100000000000000000000000,0.0429423729933468,1260.1040381907949
000000000000000001000000000000000000100000000000000000000000,0.030751654416775187,1260.1040381907949
000001000100100000000100000000000000000000100001010000010000,0.18224953358072216,3009.5816485233627
