config,science,cost
001000000001000001000010000000000010100000000000000010000000,0.09897314552960113,3386.767370273799
010000000001000000000101000000100000000000000000000000000000,0.1408800664198605,1886.1282866102697
000000000000000000000000010000100000001100000100001000001100,0.06371980926950793,4554.638362043635
010000010010000000000011000000110001000010001001000000110000,0.17137696732034247,4212.421568284023
000000000100000000000000000000100001000000010000000000000000,0.12129559511090138,1314.4617198231547
100100001100100010010010000000000000000000000001000010100000,0.1553174288630189,5065.77082882182
000000100000000000000000000000010000100000000000000000010000,0.06362011701250003,1013.8258655506625
000000000000100010010000010000000000100100000001000000001001,0.10193299542465573,4487.960141445219
000000000100000000100000000000100000000000010000000000000000,0.07302570210991,1472.2118452731784
000000000000000001000000000000000000000000000001100000000000,0.09383286286520243,1631.3373990494122
000000000100000000000000000000100001000000010000000010000000,0.13628102281090138,1912.6790130455092
000000000000000010000000000000000000000000000000000000000000,0.0,630.0049883692784
110000010000010000010000000000000000110000010000010100100000,0.07850118048395693,2984.9394196207145
010000010000000000000011000000110001000010001000000001000000,0.15234940106818184,4225.876618299262
010000000001000000000101000000100010000000010000000000000000,0.1408800664198605,2222.671613269875
010010100110000010010000110000000010001100100000111001000000,0.08927653009299763,9461.96577421924
010000000001000000000101000010100000000000000000000001000000,0.15842744430125966,3456.8888682471916
110000010000010000010000000000000100100000000000000010000000,0.08177141572500002,2146.796116828541
001000000100000000000000000000100001000000010000000000000000,0.11575402577554739,2377.4457893610643
000000000100000000000000000000000000000000100000000000000000,0.07171003853491009,861.180895049299
011000000000000000000000100000000000000000000010010000000000,0.03217580625000005,1603.1783653645903
100000011100100010010000010010000000100100000001000000001001,0.1487472648355861,7039.108178307672
000000000001000000000000000000000000000000000000100000000000,0.07586729749999999,616.7547471644918
010000010010000000000001000000110001000010001001000010100000,0.1425560455375,4493.343546201408
010000010010000000000011000000100100000000000000000000000000,0.12039801647616866,2100.779719204228
000000100000000000000000000000010000100000000000100000100001,0.11884328053750004,1642.9769514184864
000000000100000000100000000000100000000000010000100000000000,0.08669997710991006,1723.0921975301121
010000010000000000000001000000010000000000001100000000000000,0.09280312499999999,1758.9190570894125
000000000100000000000010100010110010000000000101010100001010,0.15332492015408772,5875.62531796727
000000000100000000000010000000100000000000000000000000100001,0.12374790243590139,1766.0664294533108
000000000100000000000000000000100000000000001110000000000000,0.07171003853491009,1936.9141203018603
010000000001000100000101000010100000000000000000000001000000,0.14511865173515015,4152.957586547514
000000000100000000000010000000000000000000010000000000000000,0.051820733447410006,866.676195802389
010000000000000000000100010000000000000000000001000010100000,0.1539208528306083,2292.4198893822427
000000000100000000100000000000100000000000000000000000000000,0.07302570210991,1307.9235896226169
010000000001000100000101000010100010000000000000000001000000,0.14511865173515015,4347.45318047685
000000000000000100000001000010100010000000000000000001000000,0.05892955344228168,3543.547011413357
010100010010000000000011000000110001000010001001000010100000,0.13115661219299124,5792.511458860153
000000010000000000100011000000110001000010001000000001000000,0.12539031717533644,4406.208868856985
010000000001000000000101000000100010001000010000000000000000,0.1429043506573605,2800.603889265225
000000000100000000000000000000100000000000000100100000000000,0.08617213603491003,1567.2114416244442
000000000100000010000000000000000000000000100000000000000000,0.07269416535991002,1491.0295754694282
010000010010000000000001000000110001000010001001000000110000,0.15560938416096737,4028.510835764838
000000000100000000000010100010110110000000010000000000000000,0.05877349913817842,3684.896150126427
110000000000000001000000010000000000000000000001100000000000,0.12753181536520242,2342.913318695173
000000000100000000000000000000100000000000010000001000000000,0.07430266969741006,1709.5596792077768
000100000000000010000000000000000000000000000000000000000000,0.003685949525120469,1495.8546632402636
010000000001000000000001000000000000010000000000000000100001,0.11230342258750003,1806.8539479983635
000000000100000000000000000000000000000000000010000000000000,0.050684089697410006,659.7859781044173
010000000001000000000101000000100010001000010000000000100000,0.14366900190736054,3175.7961555911806
000000000100000000000101000010100010000000000000000001000000,0.10626859031609515,3561.9020675729807
010000000000000000000101000000100010000000010000000000000000,0.09976703046543878,1953.4858663609602
000000000100000000000000000000100000000000000010000000000000,0.07171003853491009,1087.5239989837537
000000000100000000000000000000000000000000010000000001000000,0.07075932670909979,1630.9120194357924
010000000100000000000011100010110010000000000101010100001010,0.1757225722034248,6518.421382822814
000000000100000000100000000000000000000000000000100000010000,0.13050273045991,1189.7724433736653
000000000000000001000000000000000100000000000101010100001010,0.0643753976744037,4075.4741722806702
010000000001000100000101000010100010000000000000000001000000,0.14511865173515015,4347.45318047685
010000010000000000000011000000110000000000011000000000000000,0.11420106633750005,2145.851694748453
000000000001000000000101000000100000000000000000000001100000,0.13422881843399015,3235.325230760307
100100001000100010000000000000100000000000010000000000000000,0.041822276023164684,3712.4655823718035
000000000100000000000000000000000000000000100000001000000000,0.07430266969741006,1530.149535494667
000000010001000000000101000000100010001000010100000000100000,0.13654543800885066,3904.9763161491446
000000000100000000000000000000100010000000010000000000100000,0.07302570210991,1587.8819772304878
000000000100000000000101000000100000000000000000000010000000,0.11190057578851786,2394.8631852290778
010000010010000000000011000000110000000000000000000001100000,0.1537438130423372,3076.4914879928892
001000000100000000000000000000000000000000000010000000100000,0.06593600100630381,2135.487022883555
000000000000000000000101000010100000000001000000000001000000,0.1049798639600209,3937.0305360663788
010000000001000000000101100000100000000000000001000010100000,0.1583615888448605,3286.893278840908
110000000100000000000001000000100000000000000000000001000000,0.1340659651683609,2875.541014658305
010000010010000010000001000000110000000000000100000000000000,0.11962697148750001,2354.1968863579905
000000000000000001000000100000000000000000000001100000000000,0.09383286286520243,1889.842771545494
010000000001000000000101000000100010000000000000000001000000,0.15443129295125968,3076.5985762034106
010000001100000000000000000000000000000000100000001000000000,0.058583986957945644,2317.586903140198
010000000000000000010010001000000000000000000001000010100000,0.13427509442499996,2574.268062494906
010000000100000000000101000001100010001000010000000000000000,0.09533537629239519,4382.475942151659
000000100000100000000001000000110001000010001001000000110000,0.1447523398410897,4109.346114900999
010000000001000000000101000010101000000000000000000001000000,0.14818614852701173,4727.438269770598
110000000001000000000101000000100010000000000000000001000000,0.15605795047666904,3832.742948938753
000000000001000000000000000000000000000000000000100100000000,0.06734861470174514,1434.6262860947074
000000000100000000000010000100100000000000100000000000000000,0.07416234585991,2553.409805759149
010000000100000000001011100010110010000000000000100000010000,0.15151984269673302,5093.17828147518
010000011000000000000001000000010000000000001100000000000000,0.07711340539059941,2526.798542053273
000000000100000000100000000000000001000000000000000000100001,0.12470268368590132,1851.1712613208854
100000000100000000000101000000100010000000000000000001000000,0.1074635746094873,3286.3123216610566
000000000000000000100000000000000000010000000000000000010000,0.05321386701249997,854.6572780587252
000010000000000000000011000000110001000010001001000000110000,0.13020105178749997,4230.408258167163
000000000001000000000101000010100010000000000000000001000000,0.1333127961600944,3479.429142129111
010000000100000000100000000000100000000000000000100000010000,0.12482943755011222,1934.9157085426777
000000000100000000000000000000100001000000010000000010000001,0.13797496451094382,2844.3259020939413
000000000000000000100000000000000000001000000000100000010000,0.081623449425,1410.1194490352977
000000100000000000000000000000010000100000000000000100000000,0.035207806787890816,1644.0077202649745
000000000100000000000000000100000000000000000000100000010000,0.10881741664966005,1619.1560133846265
000000000100100000000000000100000000000000000000100000010000,0.10881741664966005,1878.4360314431494
010000000001000000000101000000100000001000000000000000000000,0.1429043506573605,2555.1138638284538
