config,science,cost
100000000000000000000000000000000000000000000000000000000000,0.0144620975,259.2800180585232
100000000000010000000000000000000000000000000000000000000000,0.0368039,528.0350401958026
100000000000010000000000001000000000000000000000000000000000,0.03756855125,1205.949328866117
100000000000010000000000001000000000000100000000000000000000,0.03756855125,2000.050070081978
100000000000010000000000001000000000000100000000000010000000,0.054522232600000005,2598.2673633043323
000010000000000100000000001000000000010000000000100000000000,0.018788950083087928,2683.365077908095
100000000000010000000000001000000000000100000000000010000000,0.054522232600000005,2598.2673633043323
100000000000010000000000001000000000000101000000000010000000,0.06392868635777803,3410.097734396979
100000000000010000000000001001000000000100000000000010000000,0.08299099263860238,3988.292674223194
100000000000010001000000001000000000000100000000000010000000,0.0664640032230496,3666.5622103217693
100001000000010000000000001000000000000100000000000010000000,0.08370886243694965,3655.4615771467843
100001000000010000100000001000000000000100000000000010000000,0.10043577233552498,3995.277439784011
100001000000010000000000001000100000000100000000000010000000,0.09964794983552498,4008.70840911723
100001000000010000000000001000000000000100100000000010000000,0.08511342756286103,4223.618318025815
100001000000010000000000001000000000000100000000000010100000,0.09745356983552497,3993.48598576523
100001000000010000100000001000000000000100000000000010000000,0.10043577233552498,3995.277439784011
100001000000010000100000001000010000000100000000000010000000,0.10043577233552498,4060.620356494261
100001000000010000100000001000000000000100010000000010000000,0.10043577233552498,4114.538022718269
100001000000010000100000001000000000000100000000000010010000,0.12907314108552498,4068.8545160246467
100001001000010000100000001000000000000100000000000010010000,0.12259929385008292,4549.2734869135475
100001000000010000101000001000000000000100000000000010010000,0.11608490444297498,5082.538773214816
100001000000010000100000001000001000000100000000000010010000,0.128560824748025,5104.782826154059
100001000000010000100000001000000000000100001000000010010000,0.12907314108552498,4500.585807235246
100001000000010000100000001000000000000100000000000010011000,0.1317246412514724,5051.7024885166375
100001001000010000100000001000000000000100000000000010010000,0.12259929385008292,4549.2734869135475
100001000000010000100000001000000000000100000000000010010000,0.12907314108552498,4068.8545160246467
100001000000010000100000001000000100000100000000000010010000,0.128560824748025,4870.9504223966105
100001000000010000100000001000000000000100000100000010010000,0.12907314108552498,4311.002907219785
100001000000010000100000001000000000000100000000000010010100,0.12682348078368338,4848.19033299868
100001000000010000100100001000000000000100000000000010010000,0.1256043456508492,4843.861487672932
100001000100010000100000001000000000000100000000000010010000,0.1252957336360429,4334.246427036813
100001000000010000100000001000000000000100000000000010010100,0.12682348078368338,4848.19033299868
100001000000010000100000001000000000000100000000000010010000,0.12907314108552498,4068.8545160246467
100001000000010000100000001000000010000100000000000010010000,0.12907314108552498,4253.397323448945
100001000000010000100000001000000000000100000010000010010000,0.12907314108552498,4264.846810827605
100001000000010000100000001000000000000100000000000010010010,0.14540904611989997,4182.406149840206
100001000000010000100000001000000000000100000100000010010010,0.14540904611989997,4424.554541035344
100001000000010000100000001000000000000100000000000010010110,0.12941552911313997,5040.185880961433
100001000000010000100000001000000100000100000000000010010010,0.14489672978239998,4984.50205621217
100001000000010000100100001000000000000100000000000010010010,0.1419402506852242,4957.413121488491
100001000100010000100000001000000000000100000000000010010010,0.1416316386704179,4447.798060852372
100001000000010000100000001000000000000100000000100010010010,0.1439855869819474,5084.246421850934
100001000000010000100000001000000000100100000000000010010010,0.14540904611989997,4456.804623475522
100001000000010000100000101000000000000100000000000010010010,0.14540904611989997,4360.683996151875
100001000000110000100000001000000000000100000000000010010010,0.16336487711073935,4358.343879872755
110001000000110000100000001000000000000100000000000010010010,0.15822893626064055,4690.614416229671
100001000000110000100000001000000000000100000000000010010010,0.16336487711073935,4358.343879872755
100001000000110000100000011000000000000100000000000010010010,0.16336487711073935,4547.943932023418
100001000000110000100000001000000000010100000000000010010010,0.16336487711073935,4648.333924145514
100001000000110000100000001000000000000100000000010010010010,0.14727250360193667,5276.9169747500455
100001000000110000100000001000000000000100000000001010010010,0.15128179268531278,5884.320074702191
100001000000110000100000001000000000001100000000000010010010,0.16336487711073935,5275.55861377176
100001000000110000100000001000000000000100000000000010010010,0.16336487711073935,4358.343879872755
100001000000111000100000001000000000000100000000000010010010,0.14758155426259703,6097.583653405187
101001000000110000100000001000000000000100000000000010010010,0.1594921372709362,5435.733587348455
100001000000110000100000001000000000000100000000000110010010,0.12273940494901803,5575.512141144385
100001000000110000100000001000000000000100000000000010010010,0.16336487711073935,4358.343879872755
100001000000110000100000001100000000000100000000000010010010,0.16285256077323937,5597.582986908128
100001000000110100100000001000000000000100000000000010010010,0.12096044930993169,5700.147200861873
100101000000110000100000001000000000000100000000000010010010,0.1468957177624677,5044.680681413609
100001000000110000100000001000000000000100000000000010010010,0.16336487711073935,4358.343879872755
100001000000010000100000001000000000000100000000000010010010,0.14540904611989997,4182.406149840206
100001000000010000100000001000000000000100000000000000010010,0.13343564294489998,3668.2431877336303
100001000000010000100000001000000000000100000000000000000000,0.08348209098552498,3397.0601465616573
100001000000010000100000000000000000000000000000000000000000,0.08244193357302497,1924.939114151096
100001000000000000100000000000000000000000000000000000000000,0.05698056840088985,1747.9746005875782
000001000000000000100000000000000000000000000000000000000000,0.05581780620913722,1440.8609068159476
000000000000000000100000000000000000000000000000000000000000,0.021025948837500003,431.63363893128997
000000000000000000000000000000000000000000000000000000000000,0.0,0.0
