config,science,cost
100000000000000000000000000000000000000000000000000000000000,0.0144620975,259.2800180585232
000000000000000000000000100000000000000000000000000000000000,0.0,258.5627292295798
100000000000000000000000100000000000000000000000000000000000,0.0144620975,517.842747288103
000000000000000000000000100000000000000000000000000000000000,0.0,258.5627292295798
000000000000000000000000111000000000000000000000000000000000,0.0017927830303227554,1856.4033942688989
000000000000000000000000111000000000000000000000000000000000,0.0017927830303227554,1856.4033942688989
000000000000000000000000111000000000000000000000000000000000,0.0017927830303227554,1856.4033942688989
000000000000000000000000000000000000111000000000000000000000,0.0017183791692102967,1798.552520183644
000000000000000000000000000000000000000000000000111000000000,0.03964326181548245,1798.9517204896574
000000000000111000000000000000000000000000000000000000000000,0.038236676283312516,1871.8188203037812
111000000000000000000000000000000000000000000000000000000000,0.038236676283312516,1871.8188203037812
100000000000100000000000010000000000001000000000011000000000,0.0423525251,2289.3291484377705
100000000000100000000000010000000000001000000000001000000000,0.01754387375,2124.409848826099
100000000000100000000000010000000000011000000000001000000000,0.01754387375,2289.2874809221544
100000000000000000000000000000000000011000000000001000000000,0.01754387375,1762.212184319952
110000000000000000000000000000000000011000000000001000000000,0.051681777400000004,1946.7128073635104
110010000000000000000000000001000000011000000000001000000000,0.07257463280054872,4283.8642484814045
110010000000000000000100000001000000011000000000001000000010,0.12158776130148313,4858.821305781683
110010000000000000000101000001000000011000000000001000000010,0.1355055989597626,5330.91245017789
110010000000000000000101000001000001011000000000001000000010,0.13183071062357093,5826.206987479261
110010000000000000000101000001000001011000000000001000010010,0.16417914379070592,5885.109269538221
110000001000000000000101000001000001011000000000001000010010,0.16072535225164664,5400.620845428055
110000001000000000000101000000000001011000000000000000000000,0.11722902761358318,3412.3817708077977
110000001000011000000101000000000001000000000000000000000000,0.10825038192699099,3974.5008719468524
110001001000011000000101000000000001000000000000000000000000,0.108494532111058,4799.858038643163
110001001000001000000100000000100001000000000000000000000000,0.13470617412547847,4332.574383793744
110001001000001000000100000000100001000000100000000000000000,0.13569030095047846,4707.665622233855
000000000000001000000100000000100001000000100000110001001000,0.14528632512201772,4586.589637238421
110010000000000000000101000001000001011000000000001000010010,0.16417914379070592,5885.109269538221
110010000000000000000101000001000001011000000100001000010010,0.16417914379070592,6817.207137901519
110010000000000000000101000001000001011000000000001000010010,0.16417914379070592,5885.109269538221
110010000000000000000101000001000001011000000000101000010010,0.1668832715313608,6842.90679026325
110011000000000000000101000001000001011000000000101000010010,0.16471634068854357,7689.287118363458
110011000000000000000000000001000101011000000000101000010010,0.12057846132444058,7013.1044569766345
110011000000000000000000000000000100011000000000101000010010,0.10718508813735858,5718.840599152062
000000000100000000000000000000000100011000000000001000010010,0.10675422235903506,2584.5229152775473
000000000100000000000001000000000100011000000000001000010010,0.15583611643502635,2950.4583531992675
000000000100000000000100000000000001011000000000001000010010,0.16203947097426566,2949.215139860643
000000000100000000000100000000000001001000000000000000010000,0.13979184526489064,2094.057568780917
000000000100000000000100000000000001000000000001000000000000,0.10967748800081234,1602.6141929587934
000000000100000000000100000000000001011000000000001000010010,0.16203947097426566,2949.215139860643
100000000100000000000100000000000001011000000000001000010010,0.16657785698084798,3248.4112799218346
110000000100000000000100000000000001011000000000001000010010,0.17375384380404615,3564.4590228504317
110001000100000000000100000000000001011000000000001000010010,0.1778745900074104,4394.09282474202
110001000100000000000100000100000001011000000000001000010010,0.1372591164562404,5370.312516726873
110001000100000100000100000000000001011000000000001000010010,0.15065957427221002,5059.776034427597
110001000100000100000100000000000000011010000000001000010010,0.11139934692166753,6278.429406760126
110001000100000100000100000000000001011010000000000000000010,0.1259796323748073,5999.281412809548
110001000000000100000000000000000001011010000000000000000010,0.12934955960776018,5506.442243192963
110001000000000100000000000000000001011010000000000011000000,0.11919568066809756,7113.844304394701
110001000000000100000000000000000001011010000000100011000000,0.11825380939016124,7382.014575051904
110001000000000100000000000000000001000000000011100011000000,0.11317550691914227,5413.85174228919
110001000000000000000001000100000000000000000011100011000000,0.11114260808605435,5410.744232591448
110001000000000000000001000100000000100011000000000000000011,0.12889545225699825,5410.288309630615
110001010000000000000001000100000000100011000000000000000011,0.1329529787506665,5530.909135271171
110001010000000000000001000100000000100011000000010010000000,0.13551260000493173,6475.282394458642
110001010000000000000001000000000000100011000000010010000000,0.13551260000493173,5614.516387780061
110001010000000000000001000000000011100011000000010010000000,0.14144697890627006,6137.890352490864
110001010000000000000001000000000011000001000000110010000000,0.14168239936288382,5248.796391827645
110001010000000000000001000001000000000000000011110010000000,0.14286123662808795,5316.787808917669
100000000000000000000001000001000000000000000011110010000000,0.13387480819903969,3748.203262700771
100000000000000000000001000001000010000000000001110010000000,0.13029696503632035,3950.8051019111163
100000000000000000000000000000000001000001000011110010000000,0.12556908703570097,3924.9754243987745
100000000000000100010000000000000001000001000011110010000000,0.13023177666442146,4911.709092963431
100011000000000100010000000000000001000000000011110010000000,0.12659823335263112,5675.004469659835
100011100000000100010000000000000001000000000011110010000000,0.13101301424191816,6364.181197716521
100011110000000100010000000000000001000000000011110010000000,0.1340852395981986,6489.481674707142
110011010000000100010100001100100001001000000011110011000000,0.12682531768738203,10378.273221937432
110011010000000100010100000000100001001000000011110011000000,0.1457912005880093,8040.30498539753
110011010000000100010100000000100001001000000011110011000000,0.1457912005880093,8040.30498539753
110011010000000100010000000000100001001000000011110011000000,0.138402078271489,7788.076992214943
110001000000000100010000000000100001001000000011110011000000,0.14117410378235393,6787.213100251711
110001000000000000000000000000100001001000000011110011000000,0.13711048627104622,5800.479431687055
110001000000000000000100000000100001001000000011110011000000,0.16934738490454546,6248.887795052646
110001000000000000000100000000000001001000000011110011000000,0.15137470359276392,5911.551436000171
110001000000000000000100000000100001001000000000110011000000,0.16524130990454544,5838.518804985721
110001000000000000000100000000100001011000000000100011000000,0.165693357554678,5719.766342249095
110001000000000000000100000000100001011000000000100011000000,0.165693357554678,5719.766342249095
111001000000000000000100000000100001011000000000100011000000,0.16322730418318598,6716.361216246332
110001000000001000000100000000100001011000000000100011000000,0.15827472612153026,6715.5870361364
110001000000000000000100001000100001011000000000100011000000,0.16773827660352164,6266.047646917399
110001000000000000000100000000100001011000000000100011000000,0.165693357554678,5719.766342249095
110001000000000000000100000000100001011000000000101011000000,0.16612046876618067,6747.003931124824
110001000000000000000100000000100001011000000000100111000000,0.1697424260628403,6298.289026380044
110001000000000000000100000000100001011100000000100011000000,0.16033863705074392,6992.488528555445
110001000000000000000100000100100001011000000000100011000000,0.10864032675908007,6987.9739864634885
110101000000000000000100000000100001011000000000100011000000,0.16318937612870577,6399.56685154407
110001000000000000000100000000100001011000000000100011000000,0.165693357554678,5719.766342249095
110101000000000000000100000000100001011000000000100011000000,0.16318937612870577,6399.56685154407
110101000000000000000100000000100001011000000000100011000000,0.16318937612870577,6399.56685154407
110101000000000000000100000000100001001000000000110011000000,0.16076012734243184,6518.319314280696
110101000000000000000100000000100001011000000000100011000000,0.16318937612870577,6399.56685154407
110001000000000000000100000000000001011000000000001000010010,0.18541794211782087,4149.495553305615
110001000100000000000100000000000001011000000000001000010010,0.1778745900074104,4394.09282474202
110001000000000000000100000000000001011000000000001000010010,0.18541794211782087,4149.495553305615
