config,science,cost
000000000000000000000000000000000000001000010000000000000000,0.0022939537499999663,742.220622563683
000010000100000010010100000000000000001000100000100000000100,0.09250778997990983,4656.245437090347
010000000000000010010000000000000000001000101000100000000000,0.06471427711875144,3450.8205177428717
000000000000000000000000000000000000000000100000000000000000,0.021025948837499975,412.6162237345597
010000000000000000000000000000000000010000000000000000000000,0.025446749999999962,527.4827788992965
010000100011101010000000100100010000000000000000000000001000,0.17046260909723987,6415.531661083075
000000000000000000000000000000000000000000000000000001000010,0.0385117775814281,1223.4583483418019
000000000000000000000000000000000000000000000010000000000000,0.0,211.37761473882722
000011000100000010010000000000000000000000000000000000000000,0.05809115264392062,2950.8463344672928
010000000000000000000001000000000010000000000000000000001000,0.1176056359263532,1526.0808929772961
011000000000010000100000000000010110001000000000000000010001,0.14142984505,3350.5086415798955
010001000000000000000010000000010100000000000101000000001000,0.10719695924292627,3712.545006721995
000000000000000000000001000000000100000000000000000000000000,0.05414406562499996,813.6108561312733
000000000000000100000000000000000011000100000000000010000000,0.07116239215808795,2781.5416740200026
000000100000000000000000000000000000000000010000001000000000,0.034024830000000006,1264.9696550967813
010000000000000000010010000000010100000000000101000000000000,0.06165398723103388,2069.4602623104156
010000100011101010100000100100010000000000000010010100000010,0.14701843862979724,7973.13098191053
010000100011101010100000100100010000000000000100010000000000,0.1350658228372339,7169.190079806193
000000100000000000000000010000000000000000010000000000000000,0.031432198837500036,863.824688206588
000000000000000000000000000100010110001000000000000000010001,0.09190429757724994,2638.672720460455
000000000000010000000000000000000000000000000000000000010000,0.057066321249999996,433.05090450269745
010000000000010000100100000000100101100000010000000000000000,0.09145451805541527,3507.5004675236337
000000000000000000000000000000000000000001000000010000000000,0.06393323179518606,1276.7267027612386
000000000010000000000001000000000000000010000000000000010000,0.10030343760000004,1382.0171250962962
000000000000000001000000000000000000001000100000100000000000,0.06381495625440836,2265.219860905719
000000000000000000000000100000000000000010110010000010000000,0.04313717233798331,2846.5901209075146
000000000001000001010001100000000010100000010001010000000000,0.11841229552722854,3217.4748056428507
000000000000100000100011000000000000000000000000000000010000,0.1350719000301437,2102.9106142134096
000000000010000000000001000000000000100010000000000000010000,0.09895645465648928,2160.394683564669
011000000000010000100000000000000000000010000000010000000000,0.06668408884999999,2339.881706748949
000001000000000000000000000000000100000000000000000000000000,0.0429423729933468,1456.9799648915696
010000000000000000000000000000000000000000000000000000110000,0.07732761883750006,740.7013767388617
000000000000000000000000100000000000001000100000100000000000,0.039487234999999954,1514.4206867197838
010000000000001000000000000000000000000000000000000000110010,0.096701756959375,1547.1219861873287
000000000000001000000000000000000000000000000000000000010000,0.033822506952249975,847.6657410330149
000000000000010000000000000000100000000000000010010100000010,0.05755468362667204,2199.0512564838377
000000000000000000000000000000000000000000000000000000000000,0.0,0.0
010000000000010100000010000000010000000000100000001000000001,0.11079091641570382,3298.17157373749
000000000000100000100011000000000000000000000000001000010000,0.13926256798409697,2680.9896625484403
000000100011101010000000100100010000000000000010000000001000,0.1584446605220856,5570.520482610678
010000000000010000100100000000000001100010100010000000001000,0.17775190191307755,4743.83320516142
000000000000000000000001000000000010000000001000000000001000,0.09215888592635313,1898.4700476148544
000000000000000000000000000000000000000000100000000000100000,0.02234161241249999,825.3331989757877
000000000000000000000001000000000000000011000000000000010000,0.10915335891585676,2445.2921478806397
011000000000010000100000010000010110000010000000000000010000,0.09532145759999999,3412.143534581372
000000000010000000000001000001000000000000000000000000001000,0.12374382472743262,2263.1407429482024
000000100000001000000000000000000000000000000000000001000000,0.0623578325678561,2133.141425264321
000000100010000000000000010000000000000000010000000000000000,0.032000520712500036,1040.9612816631115
010000000000000000000010000000010100000000000101000000010010,0.12802842530603398,2274.2760350560907
010000000000010000100100000000101001100010100010000000000000,0.1187626343513597,5501.514457304475
000000000000000000000000000000000000000000010000010000000010,0.047776882059375025,533.8975975072224
010000000000100000000001000000000010000000000000000000001000,0.12946644842635313,1687.334104169574
000000000001000001010001100000000010100000000000000000110011,0.1542588256361619,3496.201454490997
010000100000000000000000000000000000000000000000000000010000,0.09071607133750004,773.0027388862901
000000000000000000000001000000000010000010000000000010010000,0.10514774437499996,1886.0785404814421
000000000000100000100010000000000011000000000000000001000010,0.17122862426913987,2539.9725200369003
000000000000000000000000000000000000000000010000100000000000,0.014462097500000048,415.16860790749496
000000000000000100000001000000000100000000000000000000000000,0.011521301670402662,1798.2282331773158
000000000000000000000101000000000100000000000000000000110000,0.11288162684927339,1840.1712916499896
000000000000000000000000000000000000000000000010000010000000,0.014985427699999998,809.5949079611817
000000000000010000000000000000000000000000000000000000000000,0.025446749999999962,268.75502213727935
010000000000100000000001000000000010000000000000000000000010,0.10978560883437494,1257.6455893596622
010000100000000000000000000000000000000000000000000000011000,0.11418052457988181,1368.7095182599837
010000000000000000000000000000000000000000000000001000110000,0.08290015625000002,1332.8737525826414
000000000010000000010000000000000000000000000000000000010000,0.03502702255000001,585.5181947413737
000010100000000001000100000000000001010100000110100000000010,0.14397251963972713,4507.236520248875
010000000000010000000100000000000000000000010000010000000010,0.08240714924686277,1568.6464244136719
000000000000010000000000000000000000000000010000000010000000,0.042400431350000045,1031.2106508509096
000000000000010000000000000000000000000001000010000000001000,0.09411964180818522,2132.9022063483817
000000000000000000000000000000000000000000000000000000011000,0.05305126231106261,760.1886445625349
100000000000000000000000000000000100000000000101000000010010,0.08497036609265896,1892.452820486818
000000000000100000100010000000010011000000000000000001000010,0.17122862426913987,2626.1989653928936
001000000000000000000000000000000000000000000000000000011000,0.05689768981106258,1443.5584001910552
010000000000000000000001000000000010000000000000000000001000,0.1176056359263532,1526.0808929772961
010000100000000000000001000000000000000011000000000000000000,0.1395145455471274,2889.517036173594
000000000010000000000001000000000010000010000000000000010000,0.10030343760000004,1632.3004032712088
000000000000000000100000000000000000000000000000000000000000,0.021025948837499975,431.63363893128997
000000000000100000000001000000000010100000000000000000001000,0.10712464592635318,1669.4285846181301
010100000000100000000001000000000010000000000000000000001000,0.11406253818306544,2602.129227376649
110000000000000000000101000000000100000000000000000000110000,0.15410090171543867,2283.8959413047432
000000000000000000000000000000000000000000000010000001000000,0.034490330445186124,1229.5929242406964
010000000000100000000001000000000010000000000000000010000010,0.12474121450937503,1772.3752671665075
000000000010000001000001000000000010000000000101000000010010,0.10445266065925174,3145.5151586576835
010000000000000000000000000000000010000000000000000010000010,0.05873633638437503,1245.1866180525092
000001000000100000000001000000000010100000000000000000000010,0.12313464219180636,2249.044616490235
100000000000100000100011000000000000000000000000000000010000,0.1353369418153766,2362.134640824605
000000000000000000000001000100000010000000000000000000001000,0.09215888592635313,2156.4793552585625
100000000000100000100010000000000011000000000000000000001000,0.15023831193881532,2216.8953641267353
010000000000000000000000000000000010000000010000000001000010,0.06395852758142806,1906.7349841452697
000000000011000001010001100000000010100000000000000001110011,0.12261037641625716,5060.587854975399
010000000000100000000001000000001010000000000000000000001000,0.12946644842635313,2383.8838747989844
010000100000000001000000000000000000000000000000000000001000,0.12143904164326147,2258.9825861999066
100000000000100000100010000000000011000000000000000000011001,0.16296418832660697,2747.4653567839355
000000000000000000000000000100000000000000010000000000000000,0.0,1025.3054645928125
000000000000000000000000000000100000000000000000000000011000,0.07667832025488175,1187.9266654418714
