config,science,cost
000000001000000000010010010010000001000000010100000000000010,0.09935207601598384,3701.849006087638
010000000100011000000000000000000000000000100000000100000010,0.09686741727504489,3043.7144912155854
001001000000000000000000000001000000100000001100000000010000,0.07854256503007728,4403.172738240444
000000001000000000010010010010000000000000001000001000000001,0.08474743821004038,4046.0854974115555
000010100000000000010011011000011101100010000001000001000010,0.18816315741009582,7432.119861939882
110000000000000010000001000000000000000100101000000000010011,0.1641847132617661,3669.5571707147
000100000000000000100000000000000000000000000000000000000000,0.024711898362620444,1297.406035004916
000000000000000000000000000000001000100001000000000000000001,0.07639583216441648,2321.8132623475826
000010100000000000000000000100000000000001000010110000000000,0.10997789375892764,3487.379810577517
000010100000000000000000000100000000000001000010110000000010,0.11848541034789883,4032.5964751227575
010000001001010000000000000000000001000100101000000000010011,0.1492351831363833,4432.38922514437
000000000000000000000000000000000000000110000000000000011000,0.05560516344728239,2467.116184506609
001000000000000000000000000000001000100001000000000000000001,0.07868978591441655,3005.183017976103
000000100000000000000000010000000000010000000001000000000000,0.0890103269625,1220.4625307692536
000000000000000000000000000000000000000000001000000000100000,0.021025948837499975,1053.811140939008
000000000000000000000000010000000000000000000000000000001000,0.03801482030135317,909.0084358114482
000000001001010000000000000000000000000000000000010001000000,0.09240741530675822,2721.1044037045385
000000000000000000000000001000001000100001000000000000000001,0.07775006748673474,3368.8914874266393
010000000001000000100011100000000001000000111000000000011000,0.17623104390815592,3971.4160787182564
000000000001000000000000010000000001000000010100000000000010,0.08288418070937498,1663.5345322556225
000000100000000010000000000001100000000000010001100000110000,0.1717329376699006,3717.5388837858422
000000000000000000000000000000000000000000000000000000011100,0.04902682446437212,990.9564739255926
000000000001000000000000010000000001000100010100000000000011,0.08288418070937498,2492.9175325135866
000000100000000010000000100000100000000000011100000000100001,0.09279790668749999,3275.830222521399
000000100000001010000000000000100000000000010001100000110001,0.15777897690421794,4379.848243643814
000000001001110000000000000000000001000000000000000010000010,0.14850530423798847,2686.6119825521155
000000001001110000000000000000000000000000010000010000000000,0.09604041574446887,2019.4369978489308
000000100000000010000000000001100000000000000000001000011100,0.10580645194633276,4704.6982058055355
000000001001010000000000000000000000000000000000010000000000,0.0733261157444689,1680.1290126860654
000000000000000000000000000010000000000000001000000000100000,0.021025948837499975,1677.9912164569198
000000000001000000000110100000011100000000001100000000100001,0.12361718125914656,3958.4466954968207
110000000000000000000000010000000000010000010001000000000000,0.105739178125,1295.7049802213717
000000000000000000000000000000000001000000000000000000000000,0.05414406562499996,363.9592794270581
000010100000000000010011011000011101100000101000000000011000,0.1619571372496853,6693.263830501255
000000100000001010000000000000100000000010010001100000110001,0.1756868365601555,5538.443427806846
110000000000000100000001000000000000000100101000000000000000,0.06259704484779371,3603.9197326901476
010000110000000000010000000000000000000001001100000000000001,0.13944466809087241,2907.4199773815735
000010100000000000010011011000011100000100101000000000010111,0.19170392992859986,6929.240077607288
000010100001000000100001100000000001000000111000000000001000,0.1384217885904091,5419.752185999274
000000000000000000000000000000000010100001000000000000000000,0.02874194203765512,1533.9601318102623
000000000000000000000000010001000000000000000000000000001000,0.0652390375326487,1968.4690667863033
000010100000000000010011011000001101100000101000000000011000,0.16195801830417667,6557.256895305036
000000001001010000001000000000000000000000010001100000110000,0.17426199396461195,3164.771882479302
010000000001000000100011100000000011000000111000100000110000,0.17413429749999998,3978.856687099676
000000100000000010000000000000100000000000010001100000000010,0.12331837307187499,2279.782907624416
000000100000000010000000100000100000000000010001100000110000,0.15328131611250007,2666.4274051877987
000000001000000000000000000010000000000000000000000000000000,0.006083620130177714,1293.3914400165427
000000000000000000000000010000000000000000000000010000100000,0.05268640143750003,842.8908563332363
000000101000000000000000000000000000000000000000000000001001,0.09884230091701074,2389.6608469411312
000010100000000000010000010000000000010000010101000000000000,0.06409816240716737,2743.9498438502833
000010100000000000010011011000011101100010101000001000010011,0.19368009330899216,8560.36806972104
001010100000000010000000000000100000000000010001100000110000,0.16507510746785348,5006.071445916387
010000000001000000100011100000000011000000111000100000111000,0.18161491456367718,4910.580987070569
010000110000000000010000000100000000000000001100000000000001,0.13532938826249996,2957.840811310656
001010100000000010000000000000100000000000110001100000110000,0.16629737251167964,5286.277389272475
010000100001000000100011100000000001000000111000000000001000,0.17347069046381525,4216.759089005881
110000000000000000000000010000000000010000010001010000000000,0.11170358312499995,1554.3992571942865
110000000000000010000000010000000011000000010100000000000010,0.12097098981390164,3123.2095255132754
000000000001000000100011100000000001000000111100000000001000,0.13520383488881527,3923.0345059521724
000000100000000010000001100000100000000000010001100000110000,0.15485381611250004,2915.8980516351
110000000000000000000000010000000000100000000000010000100000,0.07736895508749997,1537.4149974967684
000010100000000000010011011000010101000000111000000000001000,0.15393091068116627,5910.3434176300325
010000010000000000010000000000000000000000001100000000000001,0.10167963817500003,1764.5172304078872
100000000000000000000000010000000000010000010001000000000000,0.07204022562500001,1111.204357177813
000010100000000000010011011000010000000000000001010000000000,0.137301104425,3142.635674761372
000000100001000000100111100000000001000000111000000000001000,0.17029017291506188,4995.35595402064
110000000000000000000001000010000000000100101000000000010011,0.1641847132617661,3750.941896617899
110000010001000000000000000000000000000000000000010000000000,0.10892839454739545,1672.6119083124786
110001000000000010000001000000000000000000000000000000100000,0.1143187111261772,2970.136539588224
000000000000000010000000000000000001000000000000000000000000,0.05414406562499996,993.9642677963366
000000000000000010000000000001000001000000000000000000000000,0.04795952762780131,2127.627418028429
000000001001010000001000010000000000000000000000000000001010,0.11032027838648228,3236.698622838183
001000000000000000000000000000000000000000000000000000100000,0.023618580000000056,1096.0867308697484
000000100000000000001000010000000000010000000001000010011000,0.15450857734766843,3544.3162372228653
110000010001000000000000010000000000010000010001000000000100,0.14613299123099988,2676.867940002936
000010100000000000010011011000011101100010000001000001110000,0.15104781107368392,7837.2806376149265
000000000000000010000000000000000001010000111000100000110000,0.1394410036125,3222.1472287420397
110000000000000000000000010000000000010000010000000000001000,0.08617587030135321,1670.2676677725935
000010100000000000010011011000000000000100101010000000010011,0.17916942000000002,4914.10447209047
000000100000000000000000000000000000000001001100000000000001,0.09312560679087234,2496.7307813326997
000000000001000000100011100000000001000001111000000000011000,0.16438214325817901,4612.748825232866
000010100000000000100011100000000001000000111000000000001000,0.1431542548388154,4306.529424526236
110000100000100000000000010000000000010000000001000000000000,0.13938892821250004,1832.5888009765154
000010100000000000010011010000011101100010101000000000010011,0.18907560741249996,6153.8629693914845
000000000000000000000000000000000000000000010001000100000000,0.06135373607539085,1223.756725663307
000000100000000010000000000000110000000000010001100000110000,0.15328131611250007,2572.7208491548436
100000100000000010001000000000110000000000010001100000110000,0.15920893213235732,3736.9867822981887
010000000011000000100011100000000001000000111000000000011000,0.18643934998842326,4735.033969269514
000000000000000000000001010000000000010000010001000000000000,0.05915062812500005,1188.8921053128115
000010110000000001010000000000000000000000001100000000000001,0.12196607295830197,3445.2750656615644
000010100000000000010011011000011000000100101000000000010111,0.19187206217790698,6676.502120924228
000000100000000010000100000000000001000000000000000000000000,0.11863256369002517,2190.4740001187565
010000010001000000100011100000000001000000111000000000011000,0.18128057346140247,4051.273655552487
110000000001000000000000000000000000000000000000010000000001,0.11376734579823,1786.0735636226736
000011100000000000010011011000011101100010101000001000010011,0.19166446218592292,10225.198104031875
