config,science,cost
000000000000000000000000000000100000000000000000000000000000,0.0,250.8605824203334
000000000000000000000000000000100000000000000000000100000000,0.05068408969741005,699.3291520215748
000000000000000000000000000000100000000000000000000000000001,0.04294237299334684,1260.1040381907949
000000001000000000000000000000100000000000000000000000000000,0.0022939537500000005,934.1692471372985
000000000000000001000000000000100000000000000000000000000000,0.054144065624999994,614.7587709358362
000000000000000000000001000000100000000000000000000000000000,0.03425714001604683,1253.1273838665566
010000000000000000000000000000100000000000000000000000000000,0.010874309375,418.163524245703
000000000000000000000000000000100000000000000000000100000000,0.05068408969741005,699.3291520215748
000000000000000000001000000000100000000000000000000000000000,0.0022939537500000005,928.8197827034778
000001000000000000000000000000100000000000000000000000000000,0.054144065624999994,616.7349294304985
000000000000000000000000000000000000000000100000000000000000,0.0144620975,250.88035225693346
000000000000000000000000000000000000000000100000001000000000,0.020545717630177762,920.0306737414026
000000000000000000000000000000000000000000100000000000000010,0.0144620975,880.8242976120499
000000000000000000000000000000000000000000100001000000000000,0.03454985949095552,1283.9194907873052
000000000000000010000000000000000000000000100000000000000000,0.0144620975,501.10258741768405
000000000000000000100000000000000000000000000000000000000000,0.0,258.5627292295798
000000000000000000100000010000000000000000000000000000000000,0.0,422.8509848801413
000001000000000000100000000000000000000000000000000000000000,0.054144065624999994,624.4408104178019
000000000000000000100000000000000000000000000010000000000000,0.014985427700000003,856.722665718436
000000000000000000100000000000000000000100000000000000000000,0.04650257321807113,698.6244137112658
000000100000000000000000000000000000000000000000000000000000,0.0144620975,259.2800180585232
000000100000000000000100000000000000000000000000000000000000,0.0144620975,1119.990033289776
000000100010000000000000000000000000000000000000000000000000,0.016445002672952846,1462.0485867121902
000000100000000000000000000000000000000000000000001000000000,0.020545717630177762,928.4353911098264
000000100000000000000000000000000000000000000000000000000001,0.05740447049334684,1268.528573293212
000000000000000000000000000000000000000000000000000000000000,0.0,0.0
000000000000000000000000000000000000000000000000000000100000,0.0144620975,259.2800180585232
000000000000000100000000000000000000000000000000000000100000,0.0144620975,707.0170762338433
000000000000010000000000000000000000000000000000000000100000,0.0144620975,426.31577989214406
000000000100000000000000000000000000000000000000000000100000,0.016494996333087927,1125.0737014821802
000010000000000000000000000000000000000000000000000000100000,0.01559874125,512.9442734594577
100000000000000000000000000000000000000000000000000000100000,0.0354880463375,690.9136569898131
000000000000000000000000000000000000000000000000000000000000,0.0,0.0
000000000000000000000000000000000000000000100000000000000000,0.0144620975,250.88035225693346
000000000001000000000000000000000000000000100000000000000000,0.0144620975,250.88035225693346
000000000000000000100000000000000000000000100000000000000000,0.0144620975,509.4430814865133
000000000000000000000000000000000000000000000000000000000000,0.0,0.0
000000000000000000000000000000000000001000000000000000000000,0.0432691435355119,883.6541302973482
000000000000000000000000000000000000001100000000000000000000,0.0432691435355119,883.6541302973482
000000000000000000000000000000000000001000000000000000000100,0.04170076982647361,1507.0068406914263
100000000000000000000000000000000000001000000000000000000000,0.05904076913885316,1072.7135259543722
000000000010000000000000000000000000001000000000000000000000,0.03801482030135316,1271.1621541897198
001000000000000000000000000000000000000000000000000000000000,0.006083620130177763,669.211364498631
001000100000000000000000000000000000000000000000000000000000,0.014425986768062862,967.2584539700053
001000001000000000000000000000000000000000000000000000000000,0.007496602603475985,1727.7935867218716
001000000000000001000000000000000000000000000000000000000000,0.06022768575517776,1033.170643925689
001000000000000010000000000000000000000000000000000000000000,0.006083620130177763,919.4946426735436
001000000000000010000000000000000000000000000000000000000000,0.006083620130177763,919.4946426735436
000000000000000000000000000000000000000000000000000000000000,0.0,0.0
000000000000001000000000000000000000000000000000000000000000,0.034490330445186075,1685.0856857469244
000000000000001000000000000000000000000000000001000000000000,0.034490330445186075,1685.0856857469244
000000000000001000000000000000000000000010000000000000000000,0.018333980709375003,878.3390272555848
000000000000001000000000000000010000000000000000000000000000,0.0,925.5411904754155
000000000000000000000000001000000000000000000000000000000000,0.0,641.09416569778
000000000000000000000010001000000000000000000000000000000000,0.0,1265.2742412156917
000000000000000000000000001000000000010000000000000000000000,0.02997607945225,805.6554835636936
000000000000001000000000001000000000000000000000000000000000,0.0,1307.9645419428352
000000000000000000000000001000000000000000000001000000000000,0.034490330445186075,1659.3094751996491
000000000000000000000000000000000000000000000000000000000000,0.0,0.0
000000000000000000000000000000000000000000000000001000000000,0.006083620130177763,669.211364498631
000000000000000000000000000000000000001000000000000000000000,0.03801482030135316,641.1571658204413
000000000000000000000000000100000000001000000000000000000000,0.03801482030135316,1081.1302112874687
001000000000000000000000000000000000001000000000000000000000,0.060544347570566336,1310.3685303190723
000000000000000000000000000000000000000000000000000000000000,0.0,0.0
010000000000000001000000000000000000000000000000000000000000,0.010874309375,167.30294182536957
010000000000000000000000000000000000000000000000000000000000,0.010874309375,167.30294182536957
010000000000000000000000000000100000000000000000000000000000,0.010874309375,418.163524245703
010000000000000000000000000000000000000000000000000000100000,0.025336406875000002,426.5829598838927
000000000000000000000000000000000000010000000000000000000000,0.02997607945225,164.2924476480789
000000000000000000000000000000000100010000000000000000000000,0.02997607945225,958.638621409718
000000000000000000000000000000010000010000000000000000000000,0.02997607945225,423.0236391274352
000000000000000000000001000000000000010000000000000000000000,0.06423321946829683,1166.623877762273
000000000000000000000000000000000000010000001000000000000000,0.03616050695225,742.3750337395252
000000000000000000000000000000000000010000000000000000000001,0.07291845244559685,1173.6005320865113
000000000000000000000000000000000000010000010000000000000000,0.0604182701,317.56846582508695
000000000000000001000000000000000000010000000000000000000000,0.08412014507724999,528.2552648315526
000100000000000000000000000000000000010000000000000000000000,0.076898392708871,612.7644519666596
000000000000000000000000000000000000100000000000000000000000,0.021025948837500003,412.71697524122806
000000000000000000000000000000000000110000000000000000000000,0.05321386701250001,471.9963656786398
000000000000000000000000000000000000111000000000000000000000,0.06786732567508107,1312.4121881670167
000000000000000000000000000000000000111100000000000000000000,0.05486077973796723,1554.438788411885
000000000000000000000000000000000000111110000000000000000000,0.05491227309694646,1746.3946594241875
000000000000000000000000000000000000111111000000000000000000,0.061602758383996314,2212.6321379731453
000000000000000000000000000000000000111111100000000000000000,0.06245600021351179,2470.4284089910398
000000000000000000000000000000000000111111110000000000000000,0.057912329436286276,2779.3234698175406
000000001000000000000000000000000000111111110000000000000000,0.06635335345668575,3462.6932254460608
000000000000000000000000000000000000111111111000000000000000,0.05401025650210374,3809.466014764862
000000000000000000000000000000000000111111111100000000000000,0.02957064986601021,4381.436088357907
000000000000000000000000000000000000111111111100000000100000,0.05294067476646165,4640.660114969101
000000000000000000000000000000000000111111011100000000000000,0.02859939550934534,4125.671323266392
000000000000000000000000000000000000011111111100000000000000,0.02735258275886244,3815.7211818124088
100000000000000000000000000000000000011111111100000000000000,0.05200057824903183,4247.27754194634
100000000000000100000000000000000000011111111100000000000000,0.05200057824903183,4694.9529601558925
000000000000000000000000000000000000011111111100000000000000,0.02735258275886244,3815.7211818124088
000000000000000000000000000000000000110111111100000000000000,0.029568763627595446,3977.654897120332
