config,science,cost
000000000010000000000000000000000000000000000000000000000000,0.0,630.0049883692784
000000000010000001000000000000000000000000000000000000000000,0.054144065624999994,993.9642677963366
000000000010000000000000000000100000000000000000000000000000,0.0,880.8044798780566
000000000010000010000000000000000000000000000000000000000000,0.0,880.288266544191
000000000010000000000000000000000000000000000000100000000000,0.0314321988375,1061.5613485032095
000000000010000000000100000000000000000000000000000000000000,0.0,1490.7709950478593
000000000010000000000000000001000000000000000000000000000000,0.057578128125,1001.2185314939024
000000000000000000000000000000000000000000000000000000000000,0.0,0.0
100000000000000000000000000000000000000000000000000000100000,0.021025948837500003,431.63363893128997
100000000000000000000000000000000000000000000000000000000000,0.021025948837500003,431.63363893128997
100000000000000000100000000000000000000000000000000000000000,0.021025948837500003,690.1963681608697
100000001000000000000000000000000000000000000000000000000000,0.025025137500000003,1042.4627814326127
100000000000000000000000000100000000000000000000000000000000,0.021025948837500003,871.6747776074733
000000000000000000000000000000000000000000000000000000000000,0.0,0.0
000000000000100000000000000000000000000000000000000000000000,0.039359929546875005,639.2066718898658
000000000000100000000000000000000000000010000000000000000000,0.039359929546875005,639.2066718898658
000000000100100000000000000000000000000000000000000000000000,0.023058847670587926,1293.5876957503215
000000000000100000000000000000000010000000000000000000000000,0.0360113765375,1025.8034758011554
000000000000100000000000000000000001000000000000000000000000,0.0493589514053561,1445.7704466676603
000000000000100000000000000000000000000000000100000000000000,0.024801556787890828,1221.9740347554598
000000000000100000000000000100000000000000000000000000000000,0.021025948837500003,867.8625197662691
000000000000100000000100000000000000000000000000000000000000,0.003939672374318015,1476.1899571051865
000000000000100000000000000000000000000000010000000000000000,0.04970419893749999,686.5725481772089
000000000000100000000000000000010000000000000000000000000000,0.021025948837500003,686.5491378521027
000000000000000000000000000000000000000000000000000000000000,0.0,0.0
000000000000000000000000000000000000000000000000000000000000,0.0,0.0
000000000000000000000000100000000000000000000000000000000000,0.021025948837500003,412.61622373455975
000000000000000000000000100010000000000000000000000000000000,0.021025948837500003,535.3846123043738
000000000000000000000000100000000000000000100000000000000000,0.0354880463375,663.592677704991
100000000000000000000000100000000000000000000000000000000000,0.022341612412500003,806.8212411837891
000000000000000000000010100000000000000000000000000000000000,0.021025948837500003,1036.7962992524715
000000000000000000000000000000000000000000000000000000000000,0.0,0.0
000000000000000000000000000000000000100000000000000000000000,0.021025948837500003,412.71697524122806
000001000000000000000000000000000000100000000000000000000000,0.0751700144625,778.6524131629484
000000000000000000000000000000000100100000000000000000000000,0.021025948837500003,1206.817716457089
000000000000000000000000000000000000100000010000000000000000,0.0526864014375,575.0395863422294
000000000000000000000000000000000000101000000000000000000000,0.05191599884602187,1204.6951433157794
000000000000000000000000000000000000100000010000000000000000,0.0526864014375,575.0395863422294
000000000000000000000000000100000000100000000000000000000000,0.021025948837500003,852.8540475463453
000000000000000000000000000000000000000000000000000000000000,0.0,0.0
000000000000000000000000000000000000100000000000000100000000,0.07171003853491004,861.2814784714035
000000000000000000000000000000000000100000001000000000000000,0.025025137500000003,1005.3851926292102
000000000000000000010000000000000000100000000000000000000000,0.021025948837500003,680.7157024948986
000000000000000000000000000000000000100000100000000000000000,0.049827398837499995,566.4960377529628
000000000000000000000000000001000000100000000000000000000000,0.07860407696249999,783.9305183658521
000000000100000000000000000000000000100000000000000000000000,0.023058847670587926,1278.566650112213
000000000010000000000000000000000000100000000000000000000000,0.021025948837500003,1042.7219636105065
000000000000000000000000000000000000000000000000100000000000,0.0314321988375,431.63363893128997
000000010000000000000000000000000000000000000000100000000000,0.0561142975875,700.3886610685693
000000000000000000000000000000000000000000000000100100000000,0.06428298736535941,1047.4021947284205
000000000000000000000000000000000000000000100000100000000000,0.04589429633750001,682.5139911882234
000000000000000000000000000000000001000000000000100000000000,0.05976520140535611,1449.5887859222548
000000000000000000000001000000000000000000000000100000000000,0.05926540569117999,1433.8842524917095
000000000000000000000000000100000000000000000000100000000000,0.0314321988375,871.6747776074733
000000000000000000000000000000000000000000000000000000000000,0.0,0.0
000000000000000000100000000000000000000000000000100000000000,0.0314321988375,690.1963681608697
000000100000000000000000000000000000000000000000100000000000,0.04589429633750001,690.9136569898131
000000000000000000000000000000000000000000000000000000000000,0.0,0.0
000000000000000000000000100000000000000000000000000000000000,0.021025948837500003,412.61622373455975
000000000000000000000000100000000000000010000000000000000000,0.039359929546875005,624.0848747450891
000000000000000000000000000000000000000000000000000000000000,0.0,0.0
000000000000000000000000100000000000000000000000100000000000,0.0327478624125,806.8212411837891
000000000000000000000000100000000000000000000000000000000010,0.021025948837500003,1042.6212121038382
000010000000000000000000100000000000000000000000000000000000,0.022162592587500002,666.3364705828221
000000000000000000000000100000000000000000000000000001000000,0.08243114883750001,778.5516616562801
000000000000000000000000100000000000000000000000000001000000,0.08243114883750001,778.5516616562801
000000000000000000000000000000000000000000000000000000000000,0.0,0.0
000000000000000000000000100000001000000000000000000000000000,0.025025137500000003,1005.096004980931
000000000000001000000000100000000000000000000000000000000000,0.021025948837500003,1079.486599979615
000000000000000000000001100000000000000000000000000000000000,0.04885915569117999,1414.9441160923382
000000000000000000000000100000000000000000000000001000000000,0.027109568967677765,1081.8275882331907
000000000000000000100000100000000000000000000000001000000000,0.027109568967677765,1340.3329607292721
000000000000000000000000101000000000000000000000001000000000,0.02091198941390386,1873.6228123533378
000100000000000000000000100000000000000000000000001000000000,0.07403188222429877,1530.235951598781
000000000000000000000001100000000000000000000000001000000000,0.05494277582135775,2084.155480590969
000000000000000000000000110000000000000000000000001000000000,0.027109568967677765,1141.0930503717923
000000000000000000100000100000000000000000000000001000000000,0.027109568967677765,1340.3329607292721
000000000000000000000000100000000010000000000000001000000000,0.04209499666767776,1605.1488832351865
000000000000000000000000100000000000000000000000000000000000,0.021025948837500003,412.61622373455975
000000000000000000000000100000000000001000000000000000000000,0.05904076913885316,1053.773389555001
000000000000000000000000100000000000001000000000000010000000,0.061893522600458536,1307.4936364032633
000000000000000000100000100000000000001000000000000000000000,0.05904076913885316,1312.2787620510826
000000000000000000000000100100000000001000000000000000000000,0.04722638303821331,1653.647019706646
000000000000000000000000100000000010001000000000000000000000,0.07402619683885316,1577.094684556997
001000000000000000000000100000000000001000000000000000000000,0.08157029640806635,1722.984754053632
000000000000000000000100100000000000001000000000000000000000,0.05904076913885316,1914.5393962335816
000000000000000000000000100000000000001000000000100000000000,0.07076268271385316,1447.8047643944822
000000000000000000000000100000000000001000000010000000000000,0.05566121024675666,1960.4754321788769
000100000000000000000000100000000000001000000000000000000000,0.10596308239547417,1502.181752920591
000001000000000000000000100000000000001000000000000000000000,0.11318483476385316,1419.7088274767214
000000000000000000000000100000000001001000000000000000000000,0.07584995628010949,2229.25917562097
000000000000001000000000100000000000001000000000000000000000,0.05904076913885316,1720.6437658000564
000000000000001000010000100000000000001000000000000000000000,0.05904076913885316,2035.7323803583308
000000000000001000000000100000001000001000000000000000000000,0.06303995780135317,2313.1235470464276
000000000000001000000000100000000000001000000000000000000100,0.0627267186639736,2586.4934406710413
