config,science,cost
000000001010000010000000000000000001010000000000100101000000,0.07563068857502253,4093.833672802668
000000000000000000000000000000000000000000010000000000001000,0.03801482030135317,805.7106802782448
110000000000000000000000000000000010000000000100110100100010,0.06348648440733085,3257.467716660894
000000010001000000010100000000000010000000000000100000000000,0.13216071958655728,1499.075190226762
100000100000010010010010100000000010001001000000000000010000,0.13762419270640236,5145.486983906316
000000000000000000000000001000000010001001000000000000010000,0.06450391604101458,2945.7220937689017
000000000010000001000000000000001000000000000010000000000000,0.03131997629177519,2141.2727845141617
000000000000000000010100000000000010000000010100110000100010,0.12104216736294093,2907.057043433328
000000010000000100000000010000110000000000000000000010000000,0.051455185320587904,2300.3984228365543
000000000010000000000000000000000000000000000000000000100001,0.07967606133750005,926.9902092544996
000010000000000000100000000000000000000000000000000000010000,0.054197993837500014,1225.8573339077038
010000000000100000000000000000100001000000000000000000000000,0.11171292571250002,1229.6940475606484
000001000000000000000100000000000010000000000100110100100010,0.0963011461003298,4271.455977053747
000000000000000000000000000000000000000010000000000000100001,0.09409316716250005,1271.3354173280563
110000000000000000000000000010000000000000000000000000000010,0.07147530888437503,1279.373376183195
100000000000000000001000100000000000000000000000000000010000,0.051417972857035865,1351.6526409858204
000000000000000000000000001000000000000000010000000000000000,0.0022939537499999663,842.308637763033
000000000000000000001000000000000000000000010000000000001000,0.06054434757056637,1474.6568768874056
010000010000100000000000000000100001000000000000000000000000,0.12492523508749998,1303.370592164787
000000000000011000001100000001000011001000001000000001010000,0.09442726829280301,6682.985414135979
000000010001000000010100000000000000000000000000010000100001,0.16781739072765567,1808.518543890396
010000000000000000001000000000000000000000000000000000010000,0.06404611715478592,1102.564915834997
100000100000010010010010100000000010001001000000001101001000,0.13330907348116183,8010.107315580675
110000000000000000000000000000000001000100000000000000100001,0.12859556321249999,2246.1416081748193
010000000000000000010100000000000010000000001000100000000000,0.08376679343030835,1978.5734968415156
110000000000000000000000000010000000000000000100000000000000,0.052157201350000015,1507.877770639693
000000000000000010000000000001000000000010000000000000100001,0.12034823913960724,2847.8798025224455
000000000001000000010100000000000010000000000100000000010000,0.1354926026843073,1788.1594796339846
000010100000000000000000000000001000001000100001100000100001,0.12494457802500003,3676.003556227789
000000000000000000000000000000000000000001010000001101001000,0.047060946906539614,4154.640846399933
000000000000000000110100000000000010000010000000000000100001,0.14103692679064905,2659.0539084376983
110000000000000010000000110000001000000100100010010000100001,0.1369627136125,4774.289553017426
000000000000000000000000000000100001000000010000000000000000,0.07567367696250005,866.0533564575646
000000000000000000110100000000000010000010000000000000100101,0.1027560820001121,3436.837247467563
000000100000000000000000000000000000000000010000000000000000,0.031432198837500036,595.9218945818515
000010000000000000000000100000001000001000100000000000010000,0.058197182500000055,2762.4139433267324
110000000000000000000000000010001000000000000100000000010000,0.08177869692500006,2666.669061553749
000000010001010000010100000000000000000100000000000000100001,0.14243105028437297,2763.451000092446
000010000000000000000000000000000100000000000000000000000000,0.0,1077.6804065788313
010001000000100000000000000000100001000000000000000000000000,0.11962593516103692,2297.9888945780854
000000000000000000010000000000000000000000010000000000000000,0.010874309375000002,331.4719614588343
000000000000000000110100000000000010000110000000000000100000,0.08044333889213218,3506.908461425787
000010000000010000000000000000000000000000000000000000001000,0.06745772165135322,1539.8671652499415
000010000000000000000000000000000000000100000000000000000000,0.0,1424.1057295851394
000000000000000000000000100000000000000000000100000000010000,0.029976079452250004,862.8997502711813
000000000000000000000000000001000000000000010000000000000000,0.03425714001604685,1166.6162389261117
000000010001001000000000000000000000000000000000000000100001,0.10283704245000003,1758.0275636489155
000000000001000000010100000000000010000000000100010000010000,0.15986365626515564,1941.431960054577
010000000000100000000000000010100001000000000000000000000000,0.11369590641209604,2801.3339403127397
000010000000000000100000000000000000010000000000000000010000,0.054197993837500014,1484.5281481380641
000000000000000000010000000000001000000000010000000000000000,0.010874309375000002,998.7700257994081
000000000000000000010100000000000010000000000110010000010000,0.10520272615307147,1755.2730767332746
000000100000100000000000001000000000000000010000000000000000,0.047699104999999964,1533.0890245081591
000000000000000000010100000000000010000000000110010100010000,0.06652990653850832,2629.705220638402
000000100000000000000000100001000000000000000000000000010000,0.08681445605723337,1902.9659598495193
100000000000000000000000110000000000000000000000000000000000,0.014462097500000048,701.1128546112031
000000000000000000000000000000010000000000010000000000000000,0.0,331.2180839803441
000000000000000000000000000000000010000000000000110000000000,0.052157201350000015,661.8214700869211
000010000000000000100000000000001000000010000000000000100001,0.10278971303749995,2906.908482497538
000000100000000000000000000000000000000100100010010001100001,0.08165045285996952,4209.647685161017
000000000001000000010000000000000010000000000100000000000000,0.07227950937500005,1223.4981878579165
000000000001000000000000000000000010000000000000110000000000,0.11356240135000006,1027.7569080086414
010000000000100000000000000000100001100000000000000000000001,0.11723841321250006,1822.384339273061
000010000000000000000000100000000000000000000000000000010000,0.031619571250000034,1052.8063462698544
000000000000000000000000000000100001100000000000000000001001,0.11161102070358253,2002.162296079218
000000000001000000010000000000000010000000000000100000000000,0.08674160687499999,1034.3444516336606
000000110001000000010100000000000010000000000000100000000000,0.1642522833968073,1844.284554613814
000000000000000000000000110000000000000001000000000000000000,0.034490330445186124,1459.9212537883318
000000000000000000000000000000000010000000000000000000100001,0.07910773946249994,923.5532405811498
000000000000000000000000000000110001000000010000000000000000,0.07567367696250005,932.2470837147423
000010000000000000000001000000000000000010000000000000100001,0.10356547446249997,2182.5743235572972
000000000010000000000000000000000000000000010000000000000000,5.683218749999996E-4,418.2076262011475
000000010001000000010100000000000100001000010000000001000000,0.13973418448979902,3206.083953084183
000000001111000100011000000000100011101000010000100000000000,0.12776443669368498,5205.696206138784
000010000000000000000000000000000000000001100000000000000000,0.03783513597875632,2218.1069981698074
000000000000000100000000000000000000000000010000000000000000,0.0020328988330878817,1030.3796728284465
000000010001100000000000000000100001000000000000000000000000,0.11295773071250004,1391.2899066436753
000000000000000000000000000000110001000000010000000001010000,0.1137755551212607,2058.1795657962775
000000000010000000000000000000000000000000000000001000100001,0.08367524999999998,1514.1775021794306
000000000010000000000000000000100000000000000000001000100001,0.08525089499999994,1905.3623637154337
000000000000000000000000001000000010000000010000000000000000,0.0022939537499999663,1026.8514451873311
001000110001000000010100000000000010000000000000100000000000,0.1705894720593073,2467.9208472256396
000000000000000000000000000000000100000000010000000000000000,0.0,612.0253138258817
000000010001000000010100000000000000001000000000110000000000,0.16386999189015572,2078.496371939271
000000000001000000011000000000100011101000010000000001000000,0.11886697053484252,3958.283657010519
000000000000000000000000000000000000000000010000001000000000,0.0022939537499999663,833.4132949628503
000000000001000000010000000000000010000000000000110100000000,0.08523461552591316,2133.5615776215704
000000000000000000000010000000000010000000000000110000000000,0.053293845100000015,915.5417169351834
000000000000000000010100000000000010000010000100000000010000,0.0854864144900851,2325.95083990983
001000110001000000010100000000000000000000100000100000000000,0.17137729455930728,2592.7288074908365
000000000010000000000000000000001000000000010000000000000000,5.683218749999996E-4,1084.878969661651
000000000000000000000000000000001000000000100000000000100001,0.08042340303749995,1752.7565623858522
001000000001000000000000000000000010000000000100010000010000,0.12359544634999997,1967.7905806875917
000000000000000000000000000000000010000000000100110000000000,0.052157201350000015,1101.7945155539485
010000000001000000010000000100000010000000000100000000000000,0.10073166005,2294.5569812468207
