config,science,cost
000000000000011000001000000000000110010100010010010000000000,0.036470345836696505,4423.44301739504
000000100100000000010000000010000001000010000000000000000000,0.1473392440895367,2656.4990523279225
000001001001001001010000000000000010010000100001000000000000,0.10880265848187742,5254.536866387724
000000000000000000010000000000100100010000000001000100000010,0.08519900257639901,2717.773933989877
000000000000011000000000000000000000000000000000000000001000,0.06422622155135316,1515.7582669772082
000010000100010011000000000000011000001010000000000100000000,0.08655685204822028,7344.722362095094
000000100100000000010000000010000000010000001000000000000000,0.07786496768212103,2769.070222474421
000010111000100000010000001010000000001000000100000000000000,0.08052631200218796,6550.416473826195
000000000000000000010000000110000001000010000000000000000000,0.041837237641707326,3028.732413228512
000000100100000000010000000000010010010000000001000000000000,0.12497293408953669,2051.8916791729202
100000000000000000000000000001000000000000000010000000000000,0.04871923751604679,1472.929533707801
000000000000000000000001000000000000000000010000000000000000,0.05414406562499996,530.2237844900537
000010000001100000100000000000011000000001000000100000000000,0.1279778294409517,3564.8888892558734
000001001001001001011000000000000010010000000000000000000000,0.050966908630558194,5180.135247896749
000000000000000000000000000000100000000100000100100100000001,0.03717626155440956,2997.0824279603994
000010000100000011000000000010000001000010000000000000000000,0.12229257300944096,4833.97815869265
000000000000101000110000000010000001011001001000010000000000,0.1547149083132473,5059.367502598814
000000000000101000110000000010000001010001001000000000000000,0.12910659095341648,3926.6193017845435
100000000000100000100000000010010001011000000000000000000000,0.10471499822714925,3431.3766004025674
010000000011100000000000000000000011000010000000000000000000,0.11856924263641755,2682.1720947642116
100000010101000000000000110001100000000100000100000000000000,0.08330677070739778,4643.5117890563415
000000100100000000010000000010000001000010000001000000000000,0.14891174408953678,3542.2299356502704
000000110011001000010000000000000000000000000001000000000000,0.12060793817500004,2065.0194631504182
000100100100010011000000000000011000001010000001000000101001,0.1385330324428824,8966.566796439203
000001000000000000000000000000000001011001001000010000000000,0.1261727466478646,4272.295428942124
000001100000010010000000000000001000000000000001000000000000,0.12050045051678315,4176.703022337174
000000001000000000000000000000000000000000000000000010000100,0.04674208312470074,2013.2285603275072
000000010000101000110000000010000001001001001000000000100000,0.13654069499736365,5071.299263627558
000001000000000000000010000000000001011000010000000000000000,0.0932654989824313,2519.05765866209
000000000000101000110000000010000001111001001000010000000000,0.15409869265282428,5334.075622599097
000000000100000000000000000000100000010000000000000000000000,0.07171003853491009,1135.0177074533442
010000100100000000000001000000000000000000010000000000000000,0.10654031982768142,1913.7516298357878
000000100100000000010000000010000001000010000001000000000000,0.14891174408953678,3542.2299356502704
000000000000101000110000000010000001001101001000010000000000,0.15170423894017504,5352.836783024231
000000000000000000000000000000000000010000000000000000100000,0.021025948837499975,671.5406656321791
000000000000000000000001000000000000000010010000000000000000,0.06912949332499996,1037.5626420004296
000000110011001001010000000000000000000000000001000000000000,0.13071663987312898,3526.4146831119924
000000001000000000000000000000000000000000000000000000010000,0.03695587535703593,833.8098936977176
000000110000000000000100000000100000010000000000000000000000,0.09130913629412096,1633.0101302644277
000000000000000000000000000000100000010000000000000010000000,0.03601137653749997,1284.626128332051
000000100100000000000000000010000000010000000000000000000000,0.06428298736535942,1930.2530844766925
000000100100001000000000000000000001000000000000001010000000,0.13444876847975173,4107.531377287371
000000000000101000010000000000010010010000000001000000000000,0.09890363874999997,1766.517231188839
010000000011100000000000000000000010000010000000000000000000,0.11013085532766809,2409.081408228322
000000000000101000110000000010001010000001000000100010001000,0.12889683838941046,5944.629387505804
000000110011001001010000000000010010010000010001000000000000,0.13071663987312898,4055.8100512174497
000000001000000000010000000000100100010000000000001010000000,0.04498643448108941,4267.724475647544
000000110011001000000000000001000001000000000010000000000000,0.12731541778100186,3366.2505610821318
000000100100000010110110100010100000000001000000100010011010,0.1620089847897167,8690.722817016462
000000100100000000000000000010000001010000000000000000000000,0.11338902944777507,2205.5864808748747
000000000000000000000001001000000000000000010000000000000000,0.05643801937500004,1208.2440756847534
000000000000000000010000000010000001000000000001000000000000,0.07100906432499998,1408.6580850109058
000000110011001001000000000000100000000000000000000000000000,0.11892647887516739,3489.838492926867
000000110011001001010000000000100100010000100001000000000010,0.15802478464812897,5208.40860844824
000000100101000010110110100010100000000000000000000000100000,0.10481736586407775,6552.648271217753
000000110011000000010000000000000000000000100000000000000000,0.11281012058750006,1516.27842579
000000000000000000000100000000000000000000010000000000000000,0.046922313256620996,612.756825251803
000010000001100000000000000000011000000001000000100011001000,0.13994885673742463,5480.220885041707
000000000000000000000001000000000000100010000000000000000000,0.06768475610499469,1742.378451311912
000000001000000010110110100010100000010001000000100010011010,0.14859732309593177,8593.916634978983
000000000000001000000000000000000000000000000000000000000000,0.0022939537499999663,683.3697556285204
000000100100001000000000000000000001000000010000001010000000,0.13444876847975173,4271.819723855704
000000100100001000000000000000000001000000010000001010010000,0.1630027958703404,4378.463475188909
000000100100000010110110100010100000010001000000100010000000,0.12405101193803902,8239.124797589919
001000000000000000000000000000000000010000000000000000000000,0.0022939537499999663,942.0405698588805
010000000001000001010000000000000000000000100000000000000000,0.12944303742697594,2080.592072148468
000000110000000000000000000001000000000000000000010000000000,0.09980209199117995,1758.9000649414306
000010110000000000000000000001000001010001001000000000000000,0.09202769265420663,4202.71599088432
000000000100000000010000000000010010010000000001000000000100,0.11897929737581237,1892.8914890823708
000000100100000000010000000010000001000110000001000000000000,0.14891174408953678,4124.072281884314
000000100100000000001000000000000001000000000000000000000000,0.1194726495779529,2080.5728386541095
000000110011001001110000000000010010010000010000000000001000,0.1684783913916651,5136.540149887075
000000110000000100000000000001000001000010000001000000000000,0.13391656887269743,4390.777681526003
000000000000000000000001000000000000000010010000001010010000,0.11108556980216755,3277.4530159697906
000000100100000100010000000010000001000010000001000000000000,0.14451345964668771,4361.657177920671
