config,science,cost
000010000000000000000000000000000000000000000000000000000000,0.0011366437500000002,253.72024684826238
000010000000000000010000000000000000000000000000000000000000,0.0011366437500000002,521.5715168392694
000010000000000000000000000000000000000000000100000000000000,0.007533365750832839,1047.9562607243856
000010000000000000000000000000000000000000001000000000000000,0.0034305975000000007,922.8451952427794
000010000000000000000001000000000000000000000000000000000000,0.03539378376604683,1256.0481392060408
000010000000000000000000000000000000000000000000000000001000,0.0034305975000000007,937.0900024767827
001010000000000000000000000000000000000000000000000000000000,0.005844922096038781,956.9746893016438
000010000000000000000000000000000000000000010000000000000000,0.0305795451,512.4145238211771
000010000000000000000000000000000000000000100000000000000000,0.01559874125,504.5395560910339
000010000000000000000000000000000000000000000000001000000000,0.011176008273423833,922.9316113468935
000010000000000000000000000000000000000001000000000000000000,0.058714771874999995,624.98627931544
000000000000000000000000000000000000000000000000000000000000,0.0,0.0
000010000000000000000000000000000000000000000001000000000000,0.035626974195186074,1271.9355563501315
000010000000000000010000000000000000000000000000000000000000,0.0011366437500000002,521.5715168392694
000010000000000000000000000000000000000000000000010000000000,0.012010953125,421.0266731425186
000010000000000000000010000000000000000000000000000000000000,0.0021207705750000004,877.9003223661741
000010001000000000000000000000000000000000000000000000000000,0.0034305975000000007,873.2377128754849
001010000000000000000000000000000000000000000000000000000000,0.005844922096038781,956.9746893016438
000010000000000000000000000000001000000000000000000000000000,0.0034305975000000007,922.7058240664466
000010000000000000000000000000000000000001000000000000000000,0.058714771874999995,624.98627931544
000010000000000000000000000000000000000001001000000000000000,0.061512388125,1199.7318465140766
000010000000000000000000000000000000000001000001000000000000,0.048524268992776454,1736.2967598042792
000010000000000000000001000000000000000001000000000000000000,0.0840128947144741,1627.3141716732184
000010000000000100000000000000000000000001000000000000000000,0.058714771874999995,1072.6616975249929
000010000000000000000000100000000000000001000000000000000000,0.07974072071249999,1037.6025030499998
000110000000000000000000000000000000000001000000000000000000,0.09357398554664653,1092.904431708673
000010000000000000000000000000000000000001000000000000000001,0.09097154523243134,1634.2908259974565
000010000000001000000000000000000000000001000000000000000000,0.058714771874999995,1291.8566555604953
000010000000000000000000000000010000000001000000000000000000,0.058714771874999995,883.6570935458001
000010000000000000000000000000000000000001000010000000000000,0.07213196544193651,1836.184605977537
000010000000000000000000000000000000000000000000000000000000,0.0011366437500000002,253.72024684826238
000010000000000000100000000000000000000001000000000000000000,0.058714771874999995,883.4916518115215
000010000000000000000000000000000000000001100000000000000000,0.073680531875,766.4777578055931
000010000000000000000001000000000000000001000000000000000000,0.0840128947144741,1627.3141716732184
000110000000000000000000000000000000000001000000000000000000,0.09357398554664653,1092.904431708673
000110000000000000000000000000000000000001000100000000000000,0.05865747684010327,1995.6152735657677
100110000000000000000000000000000000000001000000000000000000,0.10165139712615068,1751.2292951998077
100110000000000000000000000000000000000001000000000000000000,0.10165139712615068,1751.2292951998077
000110000000000000001000000000000000000001000000000000000000,0.09586793929664653,1770.9247229033726
000110000000000000000000000000000000000001010000000000000000,0.11771836633578306,1242.7799371076549
000110000000000000000000000000000000001001000000000000000000,0.10408626503052985,1824.883966580833
000110000000000000000001000000000000000001000000000000000000,0.11543601263887136,2095.2323240664514
000110000000000000001000000000000000000001000000000000000000,0.09586793929664653,1770.9247229033726
000110000000000000000000000000000010000001000000000000000000,0.10954354007164653,1690.9698866304918
000110000000000000000000000000000000000001100000000000000000,0.10853974554664653,1234.3959101988262
000110000000000000000100000000000000000001000000000000000000,0.09357398554664653,1953.6704383872539
000111000000000000000000000000000000000001000000000000000000,0.09022557631371969,1573.746942414362
000110000000000000000000000000000000000001010000000000000000,0.11771836633578306,1242.7799371076549
000110000000000000000000000000000000000001000000100000000000,0.12500618438414654,1524.4607918426038
000111000000000000000000000000000000000001000000000000000000,0.09022557631371969,1573.746942414362
000110000000000000000000000000000000001001000000000000000000,0.10408626503052985,1824.883966580833
000110000000000000000000001000000000000001000000000000000000,0.09357398554664653,1733.998597406453
000110000000000000000000000000000000000001001000000000000000,0.09637160179664653,1667.6499989073095
000110000000000000000000000000000000000001000001000000000000,0.07949394051463374,2204.214912197512
000110000000000000000000000001000000000001000000000000000000,0.09627972617164654,1464.117974833297
000110000000000000000000000000000001000001000000000000000000,0.11562330436081493,2110.9368574969967
000110000000000000000000000000000000000001000000000000100000,0.10803608304664654,1352.1284583198683
000110100000000000000000000000000000000001000000000000000000,0.09297169359176306,1405.8746951917017
000110000000000000000000000000000000000001000000000000000100,0.10025173524211885,1958.7541065796581
000110010000000000000000000000000000000001000000000000000000,0.09036636606354188,1426.9143877783215
000110000000000000000000000000000000000001010000000000000000,0.11771836633578306,1242.7799371076549
000110000000000000000000000000000010000001010000000000000000,0.13166002316078307,1840.8453920294737
000110000000000000000000001000000000000001010000000000000000,0.11771836633578306,1883.8741028054349
000110000000000000000000000000000001000001010000000000000000,0.13976768514995142,2260.812362895979
000110000000000000000000000000000000000001010000000000100000,0.12907551633578307,1502.0039637188502
000110000000010000000000000000000000000001010000000000000000,0.11771836633578306,1409.8187846288938
000110000000000000000000000100000000000001010000000000000000,0.11771836633578306,1682.7529825746824
000110000000000000000000000000000000000011010000000000000000,0.1309570017194805,1886.4650028429069
100110000000000000000000000000000000000001010000000000000000,0.12556088051942382,1901.1048005987896
000110100000000000000000000000000000000001010000000000000000,0.11683157286040044,1555.7502005906836
000110000000000000001000000000000000000001010000000000000000,0.11848301758578306,1920.8002283023548
000110000000000000000000000000000000000001010010000000000000,0.0974780197394595,2579.1094215811872
000110000000000000000000000000000000000001010000100000000000,0.1483859139232831,1674.3362972415857
000110000000000000000000000000000001000001010000000000000000,0.13976768514995142,2260.812362895979
000110000000000000000000000001000000000001010000000000000000,0.12094303196078304,1613.9934802322791
000110000000010000000000000000000000000001010000000000000000,0.11771836633578306,1409.8187846288938
000110000000000000000000000000000000000001010001000000000000,0.07912285216577418,2497.950538607367
000110000000000000000000000000000000000001010000000010000000,0.12841048071919842,1496.5001839559172
000110000000000000000001000000000000000001010000000000000000,0.13958039342800788,2245.1078294654335
000110000000000010000000000000000000000001010000000000000000,0.11771836633578306,1493.0632152825674
000110000000000000000000000000100000000001010000000000000000,0.11771836633578306,1493.5794286164332
000110000000000000000000000000100000000001010000000000000000,0.11771836633578306,1493.5794286164332
001110000000000000000000000000000000000001010000000000000000,0.10750976260934562,1747.9414799551296
001110000000000000000000000000000000000001010000000000000000,0.10750976260934562,1747.9414799551296
000100000000000000000000000000000000000001010000000000000000,0.1212056877431083,969.5499012317497
000110000000000000000000000000000000000001110000000000000000,0.11641811595519451,1963.8704021170975
000110000000000000000000000000000000000001011000000000000000,0.10103667692775631,2704.231374501851
000110000000000000000000000000000000000001010000100000000000,0.1483859139232831,1674.3362972415857
000110000000000000000000000010000000000001010000100000000000,0.1483859139232831,1885.7139119804133
000110000000000000000000000000000000000001010100100000000000,0.09633785867482998,2702.2612222617654
000110000000000000000000000000000000000001010000100010000000,0.15907802830669843,1851.6016022114259
000110000000100000000000000000000000000001010000100000000000,0.14891375499828308,2102.0743181209223
000110000000000000000000000000000000000001010000000000000000,0.11771836633578306,1242.7799371076549
000110000000000000001000000000000000000001010000100000000000,0.1494260713357831,2352.356588436285
000110000000000001000000000000000000000001010000100000000000,0.15047733892328308,2009.1924717206794
