config,science,cost
000000000000000000000000000000010000000001000000010000000100,0.06805724250114786,1919.5837912114735
100000000001010000000100000000000001000010000001000000000000,0.13377357905412168,3186.6194257724137
000000000000000000000000000000000000000000000000011000100000,0.052938736350000015,1156.8309990672228
010000010000000000000000000000000000000000000000000000000000,0.03865905937500003,342.3815556643603
100000000001010000010000010000000110100000000010000000100000,0.13269003196249995,2688.246044263811
100010000000000000000000000000000000000001000000000000100000,0.06589288759061307,2892.797987741742
000000000000000000000000100000000000000000000000000000000000,0.0,258.5627292295798
000000011000001000000000000100000000110000010100000000000101,0.07350493781551426,4370.9601378526395
000000000000000000000000000000010000000000000000000000100000,0.021025948837499975,579.8486707037829
000000100000000010010000000000000000000000000010000000000000,0.04385898196250004,1339.337458287805
100000001001010000000100000000000001000010000001000000000000,0.12408120167736847,4121.477228550615
100010000000000000000001000000000000000001000000000000100000,0.11294242324272674,3258.733425663462
000001000000001010010100000000000001010000000000101000001000,0.1579166312976128,6052.193365153499
000001000000001010000100000000000001010000000000000000010000,0.14759757848592692,4282.505888541685
000000100010001000000000000000000000000000000000000010100000,0.050562706400000046,2191.6309298442734
000011100100000000000001000010010000000000010100000000010010,0.14682571847951598,4804.29398757574
000001000000001010000100100000000001010000000000000000010010,0.16691568602030193,4549.51299919839
000000100000000010010000000000100000000000000010000000010010,0.08827344869687503,2038.258520339115
100000000000000000000100010000000000100000000000000000000000,0.061384410756621044,1226.5119637048347
100000000001010000000100000100000001000010000001000000000000,0.13377357905412168,4162.839117757267
000000000001000000000000100000000000000000000000000000000000,0.06140520000000005,624.4408104178019
000001000000001010000100000000000001010010000000000000010000,0.16530982390366933,5314.423281490425
000000100000000000000000000000010000000001000000010000000100,0.09533268049919819,2351.1401513454043
000000000000000000000000100000000000000000000000001010000000,0.01883799385201701,2392.081986547104
000000100000000000000000000000000000000000000000000000000000,0.031432198837500036,431.63363893128997
010000010000000000000000000000000000000000000000111000001000,0.0716627791793436,2555.9087838008736
100000000001010000000100000100000001000010000001000000001000,0.17178839935547474,4803.996283577708
000000101010000000000000000000000000000000000000100000000000,0.03890814897442729,1855.5592416555514
000000000000000000000000100000000000000001000000000000000000,0.034490330445186124,1276.5377982844054
000000100001011010011000000000000000000000000000000000010000,0.14416682443365314,4064.67827032124
100000000010000000000000010000000000100000000000000000000000,0.015030419375000048,953.0205358842638
000000100000000010010000001000100000000000000010000000010010,0.09253261878437502,2641.787622624924
000001000000001010010100000000000001010001000000010000000100,0.14214357749016115,5918.25701388497
000001000000001010010100000000010001010000000000101001001001,0.14720187853541278,7234.668288530279
100000000001010000010001000000000000000001000000000010100000,0.17057179391595167,3099.2111115464895
100000000001110000010000010000000110100000000000000000010000,0.14835440249999998,2495.125729181429
000000000000000000000000000000000000000000001000011000100000,0.052938736350000015,1797.9251647650028
000001000000000000000000100000000000000000000000000000000000,0.0429423729933468,1267.8099191780984
000001000000000000000000100000000000000000000000000000000000,0.0429423729933468,1267.8099191780984
000000100000000110010000000000100000000000000010000000010010,0.09155456924293737,3307.3202253740965
010000010000000000000000000001000000000000000000000000000000,0.07291619939104677,1344.7094480221388
100000000000000000000100010000001000100000000000000000000000,0.061384410756621044,1940.3908722888934
000001000000001010000100000000000001010000100000000000000100,0.1468726096498093,4874.432783253838
010000010100000000000000000001000000000000000000000000000000,0.07412317976658989,1897.0203432139688
100000001001110000000100000000000001000010000001000001001000,0.15442930433615265,5868.509420749442
000000000000001010000100000000000000000001000000000000100000,0.07670319361769584,3917.024663827307
000000000001000010100000000000000000000000000010000000100000,0.08374681241250004,1944.5409015057132
100000000000000000000100000000000000000010000011000000000000,0.11201330799705278,2474.4788395451183
000000000000000000000000000001000000000000000000000000000000,0.03425714001604685,1002.3278923577784
100000000101110000010000010000000110100000000000000000000000,0.1116649597738153,3033.1790693823527
100000000001010000000100000100010000100000000000000000000000,0.11098378292032018,2524.772299553721
000001000000001010010100000000010001010000010000101000001001,0.15847034804209803,6583.079409891156
100000000001010000010000000000000000000001000000000010000000,0.1522849742057817,2485.819923789037
100000010000000000000000000001000000000000000000010000000000,0.10061077756604686,1593.6391029733932
100000001001000000000000000000000100000000000000011000100000,0.09389479796334665,3066.5528691689756
100000000000000000000100000000000000000010000001000000000000,0.12472012519228237,2289.6611389694654
100000000000000000000100010000000000100001000000000000000000,0.08028227918334951,2259.160513603142
000000000001001010100000000000000000000000000010000000100000,0.08786644096613982,3883.193016167124
010100010000000000000000000000000000000000000000001000000000,0.014567643678728315,1973.0564231649587
100000000000000000000100010000000000100000000100000000000000,0.061384410756621044,1695.307518048016
100000000000000000000100000000000000000010000001001000000000,0.12715862016366386,2958.7860873639825
000000000000000010000100000000000001010011000000000000010000,0.1360778780805496,4022.7988007911376
000001000000000000000000000000010000000000000000001000100000,0.059816994871637275,2181.728586832466
000000100000000010010000000000100000000001000000000010000001,0.15074022712934854,4054.974220185348
000000010000000000000000000100000001000010000001000000001000,0.1201747494142692,3678.070244911738
100000000000000000000000100000000000000000000000000000000000,0.014462097500000048,517.842747288103
100000000001110000010000010000000110000000000000010000000000,0.129750289375,2338.724529241071
000000000001000000100000000000010000000001000000000010000000,0.11416180714095159,2580.7803645875683
000000000001000000000000100000010000100001000000010000000100,0.11505191057929531,2715.6419951396983
000000000001000010101000000000000000000000000000000000000000,0.07579261077823463,2652.873446318713
100000000001110000010000010000000110100000001000000000010010,0.16668838320937507,3266.057549296693
100000000101110000010000010000000110100000001000000000000000,0.1116649597738153,3697.2238337301383
100000010000000000000000000001000010000000000000000010000001,0.13188895457986471,3226.4858658506564
100000000001010000010001000000000000000001000000000010100100,0.1751707172981709,4080.6111822721114
100000000001110000010000010000000110100001001000000000010010,0.17682113351157946,4077.2603448297123
100000000001110000010000010000000000001000000000000000000000,0.12455053562500007,1971.7478545466847
100000000100000000000100000000000000000010000000000000000000,0.07686305572196594,1794.0783217141916
100100000001010000010000000000000000000001000000000000000000,0.08584461111613306,3023.4564155243206
100000000001110000010000010000000110100000000001000000010000,0.15253725250000005,2727.886064112095
000010000000000000010000000000000000000001000000010000000100,0.08346057421951991,2549.856358353769
100000000100000000010000010000000110101001001000000000010010,0.11193169567816486,4949.917433204704
100000000011110000010000010000000110000000000000010000000000,0.13031861125,2523.057062948081
000001000000001010010000010000000110110000000010000000100000,0.07438034541593908,5786.154899005323
100000010000010000000000000000000000000000000010000000100000,0.08363273263750004,1225.416534682977
000000000000000000010000000000000110100000000001010000010000,0.12280378130000003,1711.4092958144088
000000000001001000001100000000010010000000001000000000010010,0.1389403567754689,3577.0053624611246
000000100000000000010001000000000000000001000010000010100000,0.13349736986913996,2984.3367688568796
010000010000000000000000000000000000000000000010000010100000,0.07587403831250006,1490.0008722439875
100000000001110000010000010000000000001000000000011000000000,0.131302763125,2805.792102552874
000000000000000000000000000000010000010000000000000000100000,0.021025948837499975,838.5764274658
100000000001110000010000010000000000000010001000000000000000,0.13504618590002126,2850.2371228742195
010000010000000000000000000000000000000000000001000000010010,0.139139686334375,984.778139960958
100000000001110000010001000000000000000001000000000010100100,0.1770794916543864,4876.780478808308
100000000000000000000000000000001000000000000000000000000000,0.014462097500000048,926.0944028562507
010000010000001000000000000000000000000000000000000000000000,0.03942371062500005,1025.7513112928807
