config,science,cost
000000000000000000000000000000000000100000000000000010000000,0.014985427700000003,849.0167847311325
000000000000000000000000000000000000000010000000100000000000,0.0294475252,848.8847641645905
000000000000000000000000000000000000000000000000100000000000,0.0144620975,250.88035225693346
000000000000000000000000000010000000000000000000100000000000,0.0144620975,874.9993847606831
000000000000000010000000000000000000000000000000100000000000,0.0144620975,880.8242976120499
000010000000000000000000000000000000000000000000100000000000,0.0144620975,880.8242976120499
000010000000000000000000000000000000000000010000100000000000,0.0144620975,1045.112644180383
000010000000000000000000000000000000000000110000100001000000,0.05137370859378215,2385.806165029745
000010000000000000000000000000000000000000100000100001000000,0.05137370859378215,2326.540702891143
000010000000000000000000000000010000000000100000100001000000,0.05137370859378215,2493.5795504123826
000010000000000000010000000000000000000000100000100001000000,0.06424609364378216,2493.8471291853994
000010000000000000010000000000000000000000100000100001000000,0.06424609364378216,2493.8471291853994
000010000000000000010000000000000000000000100000100001000000,0.06424609364378216,2493.8471291853994
000010010000000000010000000000000000000000100000100001000000,0.06769046864378216,2560.245624231168
000010010000000000010000000000000000000000101000100001000000,0.06103528407797615,3352.040848351315
000010010000000000010000000000001000000000100000100001000000,0.06769046864378216,3227.1160004762232
000010010000000000010000000000001000000000100000100001001000,0.07149438524399514,3669.5872397144512
000010010000000000010000000000001100000000100000100001001000,0.07149438524399514,3924.7992151763956
000010010000000000010100000000001100000000100000100001001000,0.11367581751912506,4325.164521547969
000010010000000000010100000000001100000000100010100001001000,0.11367581751912506,4447.932910117783
000010010000000000010100000000001100000000100000100001001010,0.1187786959934889,4504.2744028159195
000010010000000000010110000000001100000000100000100001001010,0.12743028086977692,4796.6919724736945
000010010000000000010110000000001100000000100001100001001010,0.17771676015921836,5057.165578227874
000010010000000000010110000000001100000000100001100001001011,0.1784809042560356,5510.298124799907
000010010000000000010110000001001100000000100001100000001011,0.1904008153774355,5539.3340188923
000010010000000000010110000001001100000000100001100001001010,0.1805875149225603,5776.656379434099
000010010000000000010110000001001101000000100001100001001010,0.1826789399225603,6228.862738612126
000010010000000000010111000001001100000000100001100001001010,0.1753413301936998,6242.537880026383
000010010001000000010110000001001100000000100001100001001010,0.1895615704842101,6825.30779756267
000010010000000000010110000001001100000000100001100001001010,0.1805875149225603,5776.656379434099
000010010000000000010110000001001100000000100001100001001011,0.1812855505434438,6230.922910442412
000010010000000000010110000001001100000000100001100001001010,0.1805875149225603,5776.656379434099
000010010000000000010110000001001100000000100001100001001010,0.1805875149225603,5776.656379434099
000010010000000000010110000001001100000000100001100001101010,0.1866730475238234,6347.0499874698135
000010010000000000010110000001101100000000100001100001001010,0.1811153559975603,6359.426882419759
000010010000000000110110000001001100000000100001100001001010,0.1802921172083385,6384.0008818197075
000010010000000000010110000001001100000000100001100001001010,0.1805875149225603,5776.656379434099
000010010000000000010110000001001100000000100001100001001010,0.1805875149225603,5776.656379434099
000010010000000000010110000001001100000000100000100001001010,0.12828638563311887,5516.1827736799205
000010010000000000010110000001001100000000100001100001001010,0.1805875149225603,5776.656379434099
000010010000000000010110000001001100000000000001100001001010,0.1599884937288593,5474.780093069985
000010010000000000010110000001001100000000100001100001001010,0.1805875149225603,5776.656379434099
000010010000000000010110000001001100000000100001100001101010,0.1866730475238234,6347.0499874698135
000010010000000000010110000001101100000000100001100001001010,0.1811153559975603,6359.426882419759
000010010000000000110110000001001100000000100001100001001010,0.1802921172083385,6384.0008818197075
000000000000000000000010000001000000000000000000100000000000,0.049855881266046835,1506.8674484488122
000000000000000000000010000001000000000000000100100000000000,0.049855881266046835,1946.8404939158395
000000000000000000000010000001000100000000000000100000000000,0.03204216845770248,1767.5603277443029
000000000000000000000110000001000000000000000000100000000000,0.08300558164978686,1974.7856008420451
000000000010000000000110000001000000000000000000100000000000,0.0936976960332022,2228.5058476903077
000000000110000000000110000001000000000000000000100000000000,0.0934876739866387,2696.4240000835407
000000000000000000000110000001000000000000000000100000000110,0.0962540893375865,2631.441530415296
000000000000000000000110000001000000000000000000000000000110,0.09130533127086896,2343.921495310562
000000000000000000000110000001000000000000000000100000000000,0.08300558164978686,1974.7856008420451
000000000000000000000110000001000000000000000000110000000000,0.11489850243892336,2135.504483511282
000000000000000000000110000001100000000000000000110000000000,0.11795814020810366,2771.513386948985
000000000000000000000110000001010000000000000000110000000000,0.11440249146231143,2255.311960018141
000000000000000000000110000001000000000000000000110000010000,0.14587387118892337,2203.6770156486573
000000000000000000000110000001000000000000001000110000010000,0.14587387118892337,2844.7711813464375
000000000000000000000110000001000000000000000000110000010000,0.14587387118892337,2203.6770156486573
000000000000000000000110000001000000000000000001110000010000,0.19276639967800788,2574.8905587732816
000000000000000000000110000001000000001000000001110000010000,0.19403471342800788,3149.464321416751
000000000001000000000110000001000000000000000000110000010000,0.19538880782873622,2569.6124535703775
001000000001000000000110000001000000000000000000110000010000,0.1971607840787362,3163.642806869222
001000000001000000000110000001000000100000000000110000010000,0.1971607840787362,3414.4422983780005
001000000001000000000110100001000000000000000000110000010000,0.191851184522705,3468.4285288225374
001000000001100000000110000001000000000000000000110000010000,0.19381000289872924,3476.6130703522513
101000000001000000000110000001000000000000000000110000010000,0.1919701759058186,4242.680055804028
001000000001000000000110000001000000000000000000110000010000,0.1971607840787362,3163.642806869222
001000000001000000000110000001000000000000000000110000010000,0.1971607840787362,3163.642806869222
001000000001000000000110000001000000000000000000110000010000,0.1971607840787362,3163.642806869222
001000000001000000000110000001000000000000000000110000010000,0.1971607840787362,3163.642806869222
001000000001000000000110000001000000000000000000110000010000,0.1971607840787362,3163.642806869222
001000000001000000000110000001000000000000000000110000010000,0.1971607840787362,3163.642806869222
001000000001000000000110000001000000000000000000110000010000,0.1971607840787362,3163.642806869222
001000000001000000000110000001000000000000000000110000011000,0.17443449101150904,4000.6059136498448
001000000001000000000110000001000000000000001000110000010000,0.1971607840787362,3804.7369725670023
001000000001000000000110000001000000000000001000110000010000,0.1971607840787362,3804.7369725670023
001000000001000000000110000001000000000000000001110000010000,0.2036101153287362,3505.4809936697775
001000000001000000000110000001000000000000001001110000010000,0.2036101153287362,4213.055914368383
001000000001000000000110000001000000000000001001110000010000,0.2036101153287362,4213.055914368383
001000000001000000000110000001000000000000000001110000010000,0.2036101153287362,3505.4809936697775
001000000001000000000110000001001000000000000001110000010000,0.19466688085650846,3998.365406698851
001000000001000000000110000001000000000000000001110000010000,0.2036101153287362,3505.4809936697775
001000000001000000000110000001000000000100000001110000010000,0.2036101153287362,4384.11639299771
001000000001000000000110000101000000000000000001110000010000,0.18970493971533472,4197.835998059487
001000000001000100000110000001000000000000000001110000010000,0.18930234519359895,4217.294598017878
001100000001000000000110000001000000000000000001110000010000,0.2035079971486874,4978.923831833039
001000000001000000000110000001000000000000000011110000010000,0.2036101153287362,3611.9558351803353
001000000001000000000110000001000000000000000001110000010000,0.2036101153287362,3505.4809936697775
001000000001000000000110000001000000000000000001110000000000,0.1726347465787362,3437.3084615324024
001000000001000000000110000001000000000000000001110000010000,0.2036101153287362,3505.4809936697775
001000000001000000000110000001000000000000000001110000110000,0.21950131420118713,4477.823053704108
001000000001000000000110000001000000000000000001110000010000,0.2036101153287362,3505.4809936697775
001000000001000000000110000001000000000000000001110000011000,0.18088382226150906,4342.4441004504
