config,science,cost
000000000000000000000000000000000000000000000000100000000000,0.0144620975,250.88035225693346
000000000000000000000000000000000000000000100000100000000000,0.0354880463375,663.592677704991
000000000000000000000000000001000000000000100000100000000000,0.06332125319117998,1665.7634253351096
000000000000000010000000000001000000000000100000100000000000,0.06332125319117998,2295.768413704388
000010000000000000000000000001000000000000100000100000000000,0.06332125319117998,2295.768413704388
000010000000000000000000000001000000000000000000100000000000,0.048719237516046836,1883.1521899698282
000010000000000000000000000000000000000000100000100000000000,0.0354880463375,1293.4405213466096
000000000000000000000000000001000000000010100000100000000000,0.07830668089118,2189.0847203371054
000000000000000000000000000001000000000010100000100100000000,0.07107948569027,3006.956259267321
000000000000000100000000000001000000000010100000100000000000,0.08033957972426792,3054.934395208091
000000000000000101000000000000000000000010100000100000000000,0.058586778985493485,2895.7833126956048
000001000000000100000000000000000000000010100000100000000000,0.08729823024222516,3061.911049532329
000000000000000100000000000000000000000010100000100000000000,0.05250637287058793,2052.606502850312
000001000000000000000000000000000000000010100000100000000000,0.08526533140913722,2196.061374661344
000001000000000000000000000000000000000010100000100100000000,0.07803813620822722,3013.9329135915596
000001000000000000000000000000000000000010100000100000000000,0.08526533140913722,2196.061374661344
000001000000000000000000000000000000100010100000000000000000,0.06634534937141294,2960.2260282361426
000001000000000000000000000000000000100110100000000000000000,0.04589325923238021,3541.320808678506
000101000000000000000000000000000000100010100000000000000000,0.043722870937582564,3659.9479662704043
000001000000000000000000000000000000000010100000100000000000,0.08526533140913722,2196.061374661344
000001000000000000000000000000000000000010100000000000000000,0.07080323390913723,1945.2420654185726
000001000000000000000000000000000000000010000000000000000000,0.05792780069334685,1607.3700016038356
000001000000000000000000000000000000000000000000000000000000,0.04294237299334684,1009.3045466820167
000000000000000000000000000000000000000000000000000000000000,0.0,0.0
