config,science,cost
100000000000000000000000000000000000000000000000000000000000,0.0144620975,259.2800180585232
000000000000100000000000000000000000000000000000000000000000,0.0144620975,259.2800180585232
000000000000000000000000100000000000000000000000000000000000,0.0,258.5627292295798
000000000000000000000000000000000000100000000000000000000000,0.0,250.8605824203334
000000000000000000000000000000000000000000000000100000000000,0.0144620975,250.88035225693346
100000000000000000000000000000000000000000000000000000000000,0.0144620975,259.2800180585232
100000000000000000000000000000000000000000000000000000000000,0.0144620975,259.2800180585232
100000000000010000000000000000000000000000000000000000000000,0.0368039,528.0350401958026
100000000000010000000000000000000000000000000000000000000000,0.0368039,528.0350401958026
100000000000010000000000000000000000000000000000000000000000,0.0368039,528.0350401958026
100000000000010000000000001000000000000000000000000000000000,0.03756855125,1205.949328866117
100000000000010000000000001000000000000000000000000000000000,0.03756855125,1205.949328866117
100000000000010000000000001000000000000000000000000000000000,0.03756855125,1205.949328866117
100000000000010000000000001000000000000000000000000000000000,0.03756855125,1205.949328866117
100000000000010000000000001000000000000000000000000000000000,0.03756855125,1205.949328866117
100000000000010000000000000000000000000000000000000000000000,0.0368039,528.0350401958026
100000000000010000000000000000000000000000000000001000000000,0.03756855125,1197.0539860659342
100000000000010000000000000000000000001000000000000000000000,0.03756855125,1196.9146148896014
100000000000010000000000000000000000000000000000000000000000,0.0368039,528.0350401958026
100000000000010000000000000000000000000100000000000000000000,0.0368039,1322.3777792401024
100000000000010000000000000100000000000000000000000000000000,0.0368039,1389.0522491380536
100000000000010000000000000000000000000000000000000000000000,0.0368039,528.0350401958026
100000000000010000000000000000000000000000000000000100000000,0.04057950795039082,1322.5127772755327
100100000000010000000000000000000000000000000000000000000000,0.030867457515574626,1432.1343173252517
100000000000010100000000000000000000000000000000000000000000,0.019892934994745322,1442.724160878492
100000000000010100000000000000000000000000000000000000000000,0.019892934994745322,1442.724160878492
100000000000010000000000000000000000000000000000000000000000,0.0368039,528.0350401958026
100000000000010000000000000000000000000000100000000000000000,0.0570651975875,940.7473656438601
100000000000010000000000000000000000000000000000000000100000,0.0570651975875,940.8479490659645
100000000000010000000000000000100000000000000000000000000000,0.0570651975875,955.8564212858882
100000000000010000000000000000100000000000000000000000000000,0.0570651975875,955.8564212858882
100000000000010000000000000000100000000000000000000001000000,0.08539820015535611,1973.882368052623
100000000000010000000000000000100000000001000000000000000000,0.08539820015535611,1973.6994843390776
100000000000010001000000000000100000000000000000000000000000,0.06313720451363555,2023.9619055681906
100001000000010000000000000000100000000000000000000000000000,0.07945973107302498,2012.8612723932056
100001000000010000000000000000100000000000000000000000000000,0.07945973107302498,2012.8612723932056
100001000000010000000000000000100000000000010000000000000000,0.07945973107302498,2177.149618961539
100001000000010000000000000000100000000000000000000000010000,0.11107930232302497,2177.1572577977
100001000000010000000000000000100000000000000000000000010000,0.11107930232302497,2177.1572577977
100001000000010000000000000000100000000000000000000000011000,0.1345437555654068,2773.0499169557406
100001000000010000000000000000100000000000000000000000011000,0.1345437555654068,2773.0499169557406
100001000000010000000000000000100000000000000100000000011000,0.1345437555654068,3213.0229624227686
100001000000010000000000000000100100000000000000000000011000,0.12354336874470043,3384.2711526496782
100001000000010000000100000000100000000000000000000000011000,0.1435415078702365,3270.3887217417464
100001000000010000000100000000100000000000000000000000011000,0.1435415078702365,3270.3887217417464
100001000100010000000100000000100000000000000000000000011000,0.13459220555070872,3535.780632753912
100001000000010000000100000000100100000000000000000000011000,0.12971796606511593,3881.609957435684
100001000000010000000100000000100000000000000100000000011000,0.1435415078702365,3710.361767208774
100001000000010000000100000000100000000000000000000000011100,0.11417458393274597,3501.156551104804
100001000001010000000100000000100000000000000000000000011000,0.1561621716182416,3757.2128187542094
100001000001010000000100000000100000000000000000000000011000,0.1561621716182416,3757.2128187542094
100001000001010000000100000000100000000000000000000000011001,0.157325541149044,4168.751332669316
100001000001010000000100000000100000000000000010000000011000,0.1561621716182416,3968.5904334930365
100101000001010000000100000000100000000000000010000000011000,0.1373247978933372,4664.282814563543
100001000001010000000100000000100000000000000010000000011000,0.1561621716182416,3968.5904334930365
100001000001010000000100000000100000000000000010000010011000,0.14671007907258576,4863.044130885482
100001000001010000000100000000100000000010000010000000011000,0.1701336504682416,4483.120303192093
100001000001010000000100000000100000000010000010000000011000,0.1701336504682416,4483.120303192093
100001000001010000000100000100100000000010000010000000011000,0.15512678868724467,5531.572239417943
100001000001010000000100000010100000000000000010000000011000,0.1571462984432416,4521.135705628089
100001000001010010000100000000100000000000000010000000011000,0.1509371049338148,4933.181396047963
100001000001010000000100000000100000000000000010000010011000,0.14671007907258576,4863.044130885482
100001000001010000000100000000100000000000000010000000011000,0.1561621716182416,3968.5904334930365
100001000001010000000100000000100000000000000010000000011000,0.1561621716182416,3968.5904334930365
100001000001010000000100000000100000000000000010000000011000,0.1561621716182416,3968.5904334930365
100001000001010000000100000000100000000000000010000000011000,0.1561621716182416,3968.5904334930365
100001000001010001000100000000100000000000000010000000011000,0.14918147090365966,4805.123536128063
000000000000000000000000000000000000000000000000000000000000,0.0,0.0
