config,science,cost
000000000000000000000000000010001001000000000000000000000000,0.0233336781524911,2107.904353762452
010110000000100000000001000001000000000000100110001000010000,0.14341294611754285,5646.5851574733615
000000000000000000000001000010000100000000000000000000010000,0.08477951004999995,1912.990901177446
000000000000000000000000000000010000001010000100010000000001,0.09392680286729793,3044.3681429867715
000000000000000000000011100101100000000000000000000000000010,0.11210472446846187,3391.5368525623517
000000000000000000000000000000011000001010000100001001000000,0.036828779119499666,5191.60264848961
000000000000000000000000001100010000001010000100010000000001,0.09416384559653324,5036.124115934763
000000000000000000000000000000000000100000100000001000010000,0.057356675675000024,1308.7370464303729
000000000000000000010000000000000000100000100000001000010100,0.0842662110958523,2312.9798210921736
001000000000000000000000000000000000000001000000000000000001,0.08383381984729987,2072.6682138840215
000000010000110101000000010000010000001010000100010000000001,0.112453686866683,5714.259321913303
000001000000000000000000000100001000000000000000010000000001,0.11978146533243139,2870.0063684129036
010000010001101100100011000000100000100000100000001000001000,0.16949855549734927,6953.157336914382
000100001000001010000000000010110001101000000001000000001000,0.14938082991078194,8417.28828758602
000000000001000010100000010000000000100001010101000000001000,0.1281860910964998,4314.038022272289
000000000000000000000000000000000000000001010000000000000000,0.034053312929260615,1125.7245293210792
000001000001001000000000100000000000010000100000100001000100,0.10241660902018568,4454.021107479167
000000001000100000000001100000100000000000000000100011000100,0.12335016861914139,4189.572117248608
100001000000101100100011000000100000100000100001000000001000,0.16043216976693264,6975.674184585406
000000001000000000000000000001010000000000000000100000000000,0.054368794822259536,2042.1660426060394
000000001001000000000000000000000000000000000000000000010000,0.07337263206640543,1317.0257100574233
000000000001000010000000100000000000011000000000100001000100,0.09152552147964377,3613.3313377933882
000001000000000000000000000000001001000000000000000000010000,0.09970984990744547,2319.297082851234
000000000000000000010000000000000000000001010000000000000010,0.06326160301363559,1504.4996066258648
010000000001000000000011100101100000000000000000000000000000,0.09884246886049264,3717.958959520959
001010000000000000000000000000000000000001000000001000010100,0.08636571828339523,4956.160614506452
000001000001001000000001000000000100000000000000000000001001,0.1195416219760237,3967.435548244457
000000000000000010000000000000000000000000000000001001000000,0.030038667547717002,2670.454328845758
000000010000000000000000000000000000000001010000000000000000,0.044927622304260506,1293.0309556153354
000000000000000000000000000000000100000000000000000000000000,0.0,447.73705817532016
000001000000000000001000000100001000000000000000010000010000,0.11034043899813273,3335.644660870462
010001000010100001000100010000100000000010000000000000000100,0.11462042251210292,4876.545481033416
011100000000100000000001000001000000000000000000001001000000,0.10993995553689795,5614.168979575062
000000000001000010100000010000000001100001010101000000001000,0.1281860910964998,4580.780632211054
100000000000001000000010001000000000000000100001000000010000,0.12714673379999997,2647.8678455746135
010000010001101100100001100000100000000000100000100011000100,0.16285596741356434,7409.122903752614
000000000000000000000000000000000000001001000000000000000000,0.030038667547717002,2039.9296337190872
100001000000101110100000010000000000110001010101000000001000,0.10095607557315012,8468.656823375813
000000000000000000000011100100100000000000100000100001000100,0.10417347726799686,4240.540900653894
000000000000000000000000000000000000000000000010000000000010,0.018333980709374975,422.8462657493566
010100000000100000000001000001000000000001100110001000010000,0.1465203084941542,5379.526825729636
000000000001000000000000000000000000000000000000000000000011,0.08288418070937498,814.4172870131988
000001000001001000000001000000000100000100000000000000001001,0.1195416219760237,4761.536289460319
001000001000000000000000000000000000100000100000000000000000,0.028935391467763916,2294.1555994127193
000001000000100000001000000100001000000000000010000000000000,0.05736835976140975,3527.5008992555768
010000000001000000000011100101100000001000000000000000000010,0.14893999090315324,4598.413187749673
000000000000000000000000001000000000000000000010000000000000,0.0022939537499999663,889.3979059335269
010000010000100000000001100000100000000000000000001001100000,0.1465115092029743,4005.327120264082
010000010001101100100000100000100000000000100000000000010000,0.1578824204732724,4638.584350273004
010000010001101100000000000000000000000100000000000000000011,0.13021727425383167,4100.201313806574
000001000100000000001000000100001000000000000000010000010000,0.10142124188943302,3597.6589639711997
001000000000000000000000001000000000000000100001000000011000,0.1373527420423818,2794.668520874494
000000000001000000000100000000000000000001000010000000000000,0.11739464862786453,2037.3838307550288
001000000000000000000010001000000000000000100001000000001000,0.12875504060131526,2929.357288980663
010000010001101100100100100000100000000000000000001001000000,0.15704552830277752,6286.060601881532
001000000000000100000010001000000000000000100000000000000001,0.08413111455126154,3308.4134052364457
001000001000000000000000000000000000000001000000000000000010,0.06224210002366204,2957.294663520725
000000000001000000000000000000000000000000000000010000000000,0.09084810134999999,624.6297148946351
000000000000101100100000100000101000000000100000000000010000,0.06557457468378614,5001.1525744881865
000000000000001000000001000000001100000000000000000000001001,0.09287902561608252,2931.6459376087732
010100001000000000000011100101100000000000000000000000000010,0.11976106454562652,5070.704659647183
000000000001000001000100000000000000000000000010000000000000,0.08567067556078811,1848.631902443302
000001000001001000000000000000001000000000000010000000000000,0.05835571248571281,3071.8142907455335
011000000001000000000011100101100000001000000000000000000000,0.09620808448639973,5842.529677018669
010000001000100000000001100000101000000000000000100011000100,0.12226442039042218,5487.197900158423
000000000000000000000000000000010000000000000000000000010000,0.029976079452250004,331.2253066338594
000000000001000000000000000000000000000000000000000010010011,0.1118971692337204,2199.0079345826834
000000000000001000000001000000000100000000100001000000010000,0.11519189129999996,2216.113778543269
000001000000000000000100000100001000000000000000010000000001,0.14873403066464808,3318.4147317784937
000001010001101100100011000000100000100000100000000000001000,0.13238188152148533,7055.3439447791025
010000000000000000000000001000000000000000100000000000011000,0.1018322294923818,2119.530170552016
010100000000101100100001100000100000000000100000101011000100,0.07816133414312243,9115.31291000274
010100000000100000000001000001000000000000100110011000011000,0.14826218110337985,5969.735663050435
001000000000000000000000001000001000000000100001000000011000,0.1373527420423818,3830.596831003906
001100000000100000000001000001000000000000100110001000010000,0.13981657972670192,5342.57165579432
001000000000000000000010101000000000000000000010000000000000,0.005794065000000015,2004.7657547219787
010000010001101100100100100000100000000000000010000010000000,0.15679968391721044,5176.270913973482
000000000000000000000001000001000000000001100110000000010000,0.11915034650726541,3456.6944319350305
000000000001000000000000000000000000010000000000000000000011,0.08288418070937498,1073.0881012435589
001001000000000000000011000000100000100000100000000000001000,0.1457762537995062,4236.0928301701415
010000010001101100100011000000100001100000100000000000000000,0.1381745073673013,5674.451497430062
000000001000000000000000000000000000100000100000000000000000,0.0271095689676778,1235.5733771894788
000001000000000000000000000100001000000000000000010000000000,0.07238527434334685,2607.559107519659
100001000000101100100011000000100000100000100001000000010000,0.15076836230397406,6498.813004169459
000000001000000000100000100000100000000000100000100000010000,0.08732627774228585,2372.6617919532923
000100000000001010000000000011110000000000000000010000000000,0.07245486113016741,6110.633211902798
010000010001101100100011000000100000100000100000000100000010,0.14813469895389852,6390.877858898198
010000000000001000000010001000100000000000100001000000010000,0.140568413125,2973.5252121455223
000000000000000000000000000000010010000000000000000000000010,0.018333980709374975,527.5968085164576
010000000001000000000011100101100000001001000001000000011000,0.1799719368606323,6831.338436389948
000000000001000000000000000000000000000000100101000000011000,0.12823680519118696,2554.6324194387535
010000010001101101100100100000100000000000000000000000011000,0.18544945885781372,6020.76114522052
010000000000001000100000100000100000000000100000001000010000,0.08543675682500007,2948.4959976755918
000001000000000001000100000100001000000000000000010000000001,0.1453539537120736,4141.325218195658
000000000000000000010000000000000000000000000010000000000000,0.010874309375000002,378.6840410330834
