config,science,cost
101001000000010000000000100000110101010000010100000010000100,0.11219875417113123,6808.561746491992
000000000000100000000000000000000000000000000000000100000000,0.01823770545039083,1053.4600404873186
000000000000000100000000001000000000010000100000100000000000,0.039325753833087895,2369.5893283831833
000100000000000000000100000000000001101000100000010000000000,0.15033732771429997,3084.3411435130497
000000000000000000000000001101000000000000001000001000000010,0.03188551014181895,4123.376752416353
100000000000000000000000010000001000000110000000000000001001,0.08057850025074353,4051.356124697937
000000000000000100000100000000100000000011000010000000000010,0.08111653098533078,3866.2972526677013
000010000001000000000000001000000100000000000000010000000000,0.09311947118471509,2647.5412620760117
000000001000000000000000010000000000001000010000100000010001,0.1254888672320359,2255.0718853132503
000000000001000000000000001000000000000000000000100000000000,0.07816125125000006,1294.7750383591915
000000000001101000001000010000010000000000000101000000010000,0.11490863691546105,3761.6614760636735
000000001000000000000000010000000000001000100000000000000000,0.03110875763017773,1942.1586394705687
000000010001000000000000000000000000000000000000000100000000,0.07706244232539083,1224.5368840193719
100100000000000000100010010000000000100000000001110011000111,0.16087269862571396,5926.517140870296
010000001001000000000000010000000000001000010000100000000000,0.05987840572941472,2743.5144029310395
000000000000000100000100010010000000001000010000100000010001,0.1318371664418465,3901.7816761495474
000000000000000100001100000010000100000000010011000010100000,0.11218994690646777,4393.043344505298
000000000000000010000000001100000000000000000001001000010000,0.09695777187499999,3593.489579269184
100100000000000001100010010000000000000000000000100000000000,0.04950326859010712,3673.3846996405105
000000010001000100000000001000000000010000100000110000000000,0.1497625163830879,2960.6090811956688
000010000000000000000000100000010000000100000101000000010000,0.038704105855649096,2626.2090071403577
000000010001000000000000000000000000001000010000100000010001,0.13150527692500003,1719.2753937253387
000100000000000100000000001000000000010000100000100000100000,0.059518462390588,3551.115731764359
000000010001000000000000000000000000001000000010000000000000,0.07713326187500003,1225.6987101886548
000000010000000000001000010000010000000001000101000000010000,0.06218660156678113,3069.2311474353683
000000000001000000100000100001000000001100000010000000000000,0.0978282718880461,4122.708263708648
000000000000000100000000001000100000010000100000100000000000,0.042307956333087926,2685.620715192615
000000010000000000000000000000000000100000000000000100000000,0.014649917325390782,1212.641261325433
000000001000100010100000000000001000000010000001000000100010,0.1500713550806858,5418.281745239593
000000000000000000010000000000000000000000000000000100000000,0.014649917325390782,961.7806789050996
000000001000000000000000010000000000001000011000100000010000,0.0655393771847238,3027.5261168677316
000100000000000000000100000000000001101000110110010000000000,0.1338187921300794,4542.656054468792
000000010001000000000001000000000000001000000010010000010000,0.132585679425,1909.2026139354623
010000001000010000000000010000000000000000000000000000000000,0.03509830618003895,1523.0768694411245
001010000001000000000000001000000100001000000010010000010000,0.11292202517568506,5287.568369660075
000000000000001000100010000000000010000000000000000000001000,0.07129198497631528,2132.6354977544265
000000000000000000000000010000001000000010010001000000100010,0.10689611516092412,3206.52724643017
000000000000000100000101000000000000000000000000000000010000,0.050928159852873134,1780.8642114666143
000000010001000000000100000000100000000000000010000000000010,0.15435189916171566,1729.2935201375317
000000000001000000100000001000010001000000110000100010000000,0.11979920723979276,3636.3329649364314
000000000000000001000000001000000000000000000000000000000000,0.03304560816677515,1687.3248378767164
000000000001000000000000001000000000000000000000000000000000,0.06369915375000001,1043.9557291164201
000010000000000000000000110000000000000000000000000100000000,0.0037756079503907802,1866.1298302454095
100100000000000000100010010000000000100000000000000000100000,0.03193397715892499,2666.0939991945424
000000010001010000000100000000100000000000000010000000000000,0.13284082137164743,1835.4603216076398
000000000001000100000000001000000100000000000000000000000100,0.10497864913304522,3151.8949516316497
000000010101000000000000000000000000001000010000100000010100,0.09625808818257375,2615.09650582735
000000000010000100000100010010000000001000010000100000000000,0.03686989011086128,3830.5326039806523
000100000000000001000100000000000001101000110100010000000000,0.11717678480068416,5174.766637594339
000001000000110011000001000000010001000000000010000000000010,0.1315988849658739,5008.355857456476
100100000000000000100010010000000000100000110100010000010000,0.08976283570307464,3677.7082933053807
000000010001000000000000000000000000000000000000000000110000,0.12043377508749997,902.2972358218883
000000000100100000000000000000000000000000000000000100000000,0.07195730762311103,1502.2263247394949
000010000000000000000000010000000000001000110000100000000001,0.09756902562500003,2474.4753903734954
000001000000010011000001000000010001000000110000100000010011,0.20005451472196223,5961.382961808381
000000001000100010100100001000000000000000000000100000000000,0.0731038196867192,3959.5581227455227
000000010000000000000000000000000000000000000000010010000000,0.047037076936596756,1560.1615345732052
010000000001010010000100001000110101001000000000000000000000,0.1255529244405421,5601.326996492082
000000000001000000000000001000000000000000100000100000000000,0.09869805500000006,1707.3912620937513
000000000000000100000100000000000000000000000000010000000000,0.04312267466624975,1372.785850024081
000000010001000000000001000000100000001000000010010000010000,0.153122483175,2336.9406348147986
000000010001000000000001000001100000000000000000000100000000,0.10971562762525322,3228.8091177365736
000001000000000000000000000000000010000000000000000000000000,0.0429423729933468,1259.5878248569293
000000010001000000000100000000100000000000000010000100000000,0.14282903887804177,2312.0608830031256
000001000000000000100000000000000010000000000000000000000100,0.0899031146342093,2131.137826263141
000000000000000100000100000000000001000000000000010000000000,0.09728405306625221,1736.7451294511393
000000010001000000000000000000000000001000000011000000000000,0.08131611187499999,1452.1780290453544
000010000000000000000000100000000000000000000000000001000000,0.034490330445186124,1906.725670367229
000000000100110000000000000000000000000000100000100000000000,0.1126347715631777,1555.568545997675
000000000000000000000000000000000000000000000000000000110000,0.05321386701249997,471.9963656786398
000000010001000000000001000000100000001000100000000000000000,0.10581924494999995,2192.327315336947
000000010001000000000001010000010001000000110000100000010011,0.174536047856661,3070.564758764356
001000000000000000000000001000000100000000000000010000000000,0.030995375100000055,2422.180230168099
000000000000000000000000001000000000000001000000010000000000,0.06469788304518609,1954.7469939559383
000000010000000000000000000000000000001000010000100000010001,0.12299169254999998,1485.3156771178683
000000000100100000000000000000000000000001000000000100000000,0.09203254463480082,2519.9008296412326
000000000000000100010100000000000001000000000000010000000000,0.09968617805679059,1861.6152181472166
000100010001000000000000000000100000000000000010000000000010,0.05829628992347313,2322.13787991981
000000000001000000000000001000000000000000100010100000000000,0.09869805500000006,1830.1596506635653
000001000000000000000000000000000010000000000000000000010000,0.0729184524455968,1423.8838102614238
000000010001000000000100000000100001000000000010000000000010,0.15853474916171573,2003.3205091474265
000000010001000000000000000000001000001000010000100000010001,0.13150527692500003,2386.145769970394
000000000000100000000000000000000000000000000100000100000000,0.01823770545039083,1493.7988938144367
000000010001000000000001000000000000001000010010010000000000,0.10866136380000002,1909.2130291486385
000000000001000000000000000000000000100000000000000110000000,0.06764758580515973,2324.1480130683303
000000010000000000000000000000000000001000010000100000010000,0.06490990192500001,1219.1045605411218
000000010001000000000000000000000000000000000001000000100010,0.11838208767187497,1307.7535933558688
000000010000000100000000000000000000001000010000100000010000,0.0669428007580879,2084.9542354121068
000000010001000000000000000000000000000000100000000100000000,0.09964086491289081,1637.1531077539316
000000010001000000000000000000011000000000000000010000010000,0.127638178175,1542.8348863820925
000000000000000000000000001000000000000000000000100000010011,0.1310481134378607,1934.8436489283401
000001000010000000000000000000000010000000000000000000010000,0.06840107021933406,1742.080779726596
000000010001010000000100000000100000000000000010000010000011,0.1618341598765629,3550.7508045452096
000000010000000000000000000000100000001000010000100000000000,0.04915129120000006,1588.084378980047
000000000000000000000000000000000000000000010010100000010001,0.11621511757725,846.8672191898725
