config,science,cost
100000000000000000000000000000000000000000000000000000000000,0.0144620975,259.2800180585232
100000000000010000000000000000000000000000000000000000000000,0.0368039,528.0350401958026
100000000000010000000000001000000000000000000000000000000000,0.03756855125,1205.949328866117
100000000000010000000000001000000000000100000000000000000000,0.03756855125,2000.050070081978
100000000000010000000000001000000000000100000000000010000000,0.054522232600000005,2598.2673633043323
100001000000010000000000001000000000000100000000000010000000,0.08370886243694965,3655.4615771467843
100001000000010000100000001000000000000100000000000010000000,0.10043577233552498,3995.277439784011
100001000000010000100000001000010000000100001000000010000100,0.11736027387322262,5238.151550311382
100001000010010000100000001000010000000100001000000010000100,0.11512730988806252,5557.991653082647
100001000010010000100001001000010000000100001000000010000100,0.1634514394081263,5851.736026384053
100001000010010000100001001000010000000100001000000010000100,0.1634514394081263,5851.736026384053
100000000000000000000000000000000000000000000000000000000000,0.0144620975,259.2800180585232
100000000000010000000000000000000000000000000000000000000000,0.0368039,528.0350401958026
100000000000010000000000001000000000000000000000000000000001,0.09514667937500002,1577.2153613332944
000000000000000000000000000000000000000000000000000000000000,0.0,0.0
100000000000000000000000000000000000000000000000000000000000,0.0144620975,259.2800180585232
100000000000010000000000000000000000000000000000000000000000,0.0368039,528.0350401958026
100000000000010000000000001000000000000100000000000000000000,0.03756855125,2000.050070081978
100000000000010000000000001000000000000100000000000010000000,0.054522232600000005,2598.2673633043323
100001000000010000100000001000010000000100000000000010000000,0.10043577233552498,4060.620356494261
100001000000010000100000001000010000000100001000000010000100,0.11736027387322262,5238.151550311382
100001000010010000100001001000010000000100001000000010000100,0.1634514394081263,5851.736026384053
000000000000000000000000000000000000000000000000000000000000,0.0,0.0
