config,science,cost
000000000000000000000000000000000000000000000000100000000000,0.0144620975,250.88035225693346
000000000000000000000000000000000000100000000000000000000000,0.0,250.8605824203334
000000000000000000000000100000000000000000000000000000000000,0.0,258.5627292295798
000000000000100000000000000000000000000000000000000000000000,0.0144620975,259.2800180585232
100000000000000000000000000000000000000000000000000000000000,0.0144620975,259.2800180585232
000000000000000000000000000000000000000000000000000000000000,0.0,0.0
000000000000000000000000000000000000100000000000000000000000,0.0,250.8605824203334
000000000000100000000000000000000000100000000000000000000000,0.0144620975,510.14060047885664
000000000000100000000000000000000000100000000000010000000000,0.040800051350000005,768.8917675659799
000000000000100000000000000000000000000000000000010000000000,0.040800051350000005,518.0311851456465
000000000000100000000000000000000000100000000000010000000000,0.040800051350000005,768.8917675659799
000000000000100000000000010000000000100000000000010000000000,0.040800051350000005,1036.7945611907164
000000000000100000000000000000000000100000000000010000000000,0.040800051350000005,768.8917675659799
000000000000100000000000000000000000110000000000010000000000,0.040800051350000005,929.4075133834422
010000000000100000000000000000000000100000000000010000000000,0.042768305,1037.6467897032592
010000000000000000000000000000000000100000000000010000000000,0.031411155,778.366771644736
010000000000100000000000000000000000100000000000010000000000,0.042768305,1037.6467897032592
000000000000100000000000000000000000100000000000010000000000,0.040800051350000005,768.8917675659799
000000000000100000000000001000000000100000000000010000000000,0.0415647026,1446.738086287588
000000000000000000000000001000000000100000000000010000000000,0.0302075526,1187.5140596763927
000000000000100000000000001000000000100000000000010000000000,0.0415647026,1446.738086287588
000000000000100000000000001000000000100000000000000000000000,0.01675605125,1188.0438093146731
000000000000100000000000001000000000100000000000010000000000,0.0415647026,1446.738086287588
000000000000100000000000001000000000100000000000010000000000,0.0415647026,1446.738086287588
001000000000100000000000001000000000100000000000010000000000,0.0423525251,2130.1078419161086
000000000000100000000000001000000000100000000000010000000000,0.0415647026,1446.738086287588
010000000000100000000000000000000000100000000000010000000000,0.042768305,1037.6467897032592
010000000000100000000000000100000000100000000000010000000000,0.042768305,1898.6639986455102
010000000000100000000000000000000000100100000000010000000000,0.042768305,1855.1225294955084
010000000000100000000000000000000000100000000000010100000000,0.046210454698362005,1863.0204152375968
010000000000100100000000000000000000100000000000010000000000,0.03529414094159089,1941.6280858069445
010100000000100000000000000000000000100000000000010000000000,0.046128714823471625,1952.2179293601848
010000000000100000000000000000000000100000000000010000000000,0.042768305,1037.6467897032592
010000000000100000000000000000000000100000000000000100000000,0.04057950795039082,1573.3733596958664
010000000000100000000000000000000000000100000000010000000000,0.042768305,1581.128946327226
010000000000100000000000000000000000100000000000010000000000,0.042768305,1037.6467897032592
010000000000000100000000000000000000100000000000010000000000,0.033444053833087926,1644.4581888226212
010000000000100000000000000000000000100000000000010000000000,0.042768305,1037.6467897032592
010000000000100000000000000000000000100000000000000000000000,0.0368039,778.895622616136
010000000000100000000000000000000000000000000000000000000000,0.0368039,528.0350401958026
010000000000000000000000000000000000000000000000000000000000,0.02544675,268.75502213727935
000000000000000000000000000000000000000000000000000000000000,0.0,0.0
000000000000000000000000000000000000000000000000000100000000,0.0037756079503908245,794.2360138761233
000000000000000000000000000000000000000100000000000000000000,0.0,794.100741215861
000000000000000000000000000100000000000000000000000000000000,0.0,860.7660066785807
000000000000000100000000000000000000000000000000000000000000,0.0020328988330879263,865.8496748709849
000000000000000000000000000000000000000000000000000000000000,0.0,0.0
000000000000000000000000000000000000001000000000000000000000,0.0022939537500000005,668.9855772181842
000000000000000000000000000000000000000000000000000000000000,0.0,0.0
000000000000000000000000000000000000000000000000000010000000,0.014985427700000003,598.2172932223544
000000000000000000000000000000000000000010000000000000000000,0.014985427700000003,598.065454921819
000010000000000000000000000000000000000000000000000000000000,0.0,630.0049883692784
000000000000000000000000000000000000000000000000000000000000,0.0,0.0
000000000000000000000000000000000000000000000000000001000000,0.034490330445186075,1018.2153095018691
000000000000000000000000000000000000000001000000000000000000,0.034490330445186075,1018.0324257883237
000000000000000000000000000000000000000001000000000001000000,0.03922665077941574,2036.2477352901928
000000000000000000000000000000000000000001000000000000000000,0.034490330445186075,1018.0324257883237
000000000000000000000000000001000000000001000000000000000000,0.040925120086303265,1920.1024016028173
000000000000000001000000000000000000000001000000000000000000,0.04063415162079634,1927.0790559270558
000001000000000000000000000000000000000001000000000000000000,0.04966267374418941,1927.0790559270558
000001000000000000000000000000000000000000000000000000000000,0.04294237299334684,1009.3045466820167
000001000000000000000000000000000000000000000000000000100000,0.05581780620913722,1422.0215219232448
000000000000000000000000000000000000000000000000000000100000,0.021025948837500003,412.71697524122806
000001000000000000000000000000000000000000000000000000100000,0.05581780620913722,1422.0215219232448
000001000000000000000000000000100000000000000000000000100000,0.05713346978413722,1812.2348338873094
000000000000000000000000000000100000000000000000000000100000,0.022341612412500003,803.1098425846658
000000000000000000100000000000000000000000000000000000100000,0.022341612412500003,806.9221004258702
000000000000000000100000000000000000000000000000000000000000,0.021025948837500003,431.63363893128997
000000000000000000100000000001000000000000000000000000000000,0.04885915569117999,1433.8842524917095
000000000000000000100000000000000000000000000000000000100000,0.022341612412500003,806.9221004258702
000000000000000000100000000000000000000000000000000000000000,0.021025948837500003,431.63363893128997
000001000000000000000000000000000000000000000000000000000000,0.04294237299334684,1009.3045466820167
000000000000000000000000000000000000000000000000000000000000,0.0,0.0
000001000000000000000000000000000000000000000000000000000000,0.04294237299334684,1009.3045466820167
000001000000000000000000000000000000000000000000000000100000,0.05581780620913722,1422.0215219232448
000001000000000000000000000000000000001000000000000000100000,0.058410437371637224,2091.007099141429
000001000000000000000000000000000000000000000000000000100000,0.05581780620913722,1422.0215219232448
000001000000001000000000000000000000000000000000000000100000,0.058410437371637224,2105.391277551765
000001000000000000000000000000000000000000000000000000100000,0.05581780620913722,1422.0215219232448
000001000000000000000000000000000000010000000000000000100000,0.05581780620913722,1680.692336153605
000001000000000000000000000000000000000000000000100000100000,0.08461925620913723,1575.8005844349796
010001000000000000000000000000000000000000000000100000100000,0.0857924267756718,1903.4958958306215
000001000000000000000000000000000000000000000000100000100000,0.08461925620913723,1575.8005844349796
000001000000100000000000000000000000000000000000100000100000,0.08461925620913723,1835.0246110461749
000001000000000000000000000000000000000000000000100000100000,0.08461925620913723,1575.8005844349796
010001000000000000000000000000000000000000000000100000100000,0.0857924267756718,1903.4958958306215
000001000000000000000000000000000000000000000000100000100000,0.08461925620913723,1575.8005844349796
000001000000000000000000000000000000000000000000100000100001,0.13201544719822172,1839.7831077397398
000001000000000000000000000000000000000000000000000000100001,0.10321399719822172,1682.5745090882542
000001000000000000000000000000000000000000000000100000100001,0.13201544719822172,1839.7831077397398
000001000001000000000000000000000000000000000000100000100001,0.1296770545752615,2311.896773829389
000001000000000000000001000000000000000000000000100000100001,0.13410687219822173,2176.940214299995
000001000000000000000000000000000001000000000000100000100001,0.13410687219822173,2174.9640558053334
000001000000000000000000000000000000000000000001100000100001,0.13957468711690726,2210.996650864364
000001000000000000000000000000000000000000000000100000100001,0.13201544719822172,1839.7831077397398
