config,science,cost
000000001000000000000000000000000000000100000010000000001000,0.053022353149597246,2300.4615663378913
000000000010000001000000010000000000000000000000010000000000,0.060762877641775126,1789.570340494201
000000010000000000000000000010000000000000000001000000010001,0.09561604312499994,1592.2853768573389
000010100000000000000010010000000000000000000100000000001001,0.10620916957688953,3056.825712164844
100000010001000000000011000000000000100001000010000000000000,0.12291982035106164,2626.708840710811
000000010001000000000001001010001100001001001000000000000010,0.11045077461951935,6312.463923630193
000000000000000010000000000000100000001010000000010100100000,0.06153769609181403,4679.104368231494
000000000000000000100000000000010000000000000000000000000000,0.021025948837499975,598.669400764911
000000010001000000000000000000000100001000000000000000000000,0.07713326187500003,1546.9618655709855
000000000011000000100010000000000000000000011001000000000000,0.10391012954687495,2330.18518377133
010000000000000000000000000000010000000000000000000001000000,0.059937080445186086,1453.9591680833298
100000100000010001000000000100000000000000010000000000010010,0.1378363589730105,3225.5780687711353
000000000000010010000000010000000000000000000000000000000000,0.024158106118938094,1751.2499244267026
000000000000000000000010010000000000000000000100000000011001,0.08480709092746985,2186.6301536275305
011000000000000000000000000000010000000000000000000001000000,0.06070173169518611,2059.855258179875
000000000011000000100010000000000000000000100000000000000100,0.14037606693293436,1973.7527152570676
100000100000010001000000000100000000000000011101000000000000,0.10003244941037992,4240.9006087914295
000000001000000000000000000000010000000010000000010000010001,0.13843738662978589,2018.5448629905013
000100000011000000100010000000000000000000011000000000010001,0.13504360939768778,3444.1728287401265
000000000000000100000000000000000001000010000000000000010001,0.10681303773308792,2228.20471735105
000000000001000000000000000000010000000010000000010000010001,0.1399711751,1686.2454152659277
000000001000000000000000000000001000000100000010000000001000,0.053022353149597246,2967.331942582947
000000010000000000000000000000000000000000000001000000010001,0.09463191630000001,968.1053013394271
000000000001010001000000100100000000000000010000000000010010,0.13595875703359028,3289.567183755066
000000000001000000000000000100010000000010000000010000010001,0.1399711751,2499.946910829406
000000000001000000000010000000000100001000000000000000000000,0.06483579750000001,1736.3166801977197
000000000000000100000000000000001001000010000000010000010001,0.13558191455808788,3164.817355458676
000000010000000000000100000000000000000000000100000000001001,0.11584390671854794,2158.933402466211
000000000001000100000000010000000000000010010001000000000000,0.08066506488313108,3136.185208683906
000100000011000000100010000000000000000000011010000000000001,0.10183310372268783,3564.385867552827
100000000000000000100000000000010000000000000000000000000000,0.03548804633750002,857.9494188234341
000000000000000000000110000000000000000000000000000000000000,0.042541232497035786,721.6383992414953
000000000010000001000110000000000000000000100000000000000100,0.08793999875967617,2683.536552017345
000000100000011000000101000000000000010000000000000000000000,0.08043540970368546,3006.708992579382
100000000000000000000000000000000000000000000000000000001001,0.07817126638763339,1362.469593950533
000000010001000000000011000000000000100001000110000000000000,0.08586211251476639,2691.52738034989
100000100000010001000000000000000000000010000001000000010001,0.18806395074808535,3940.954755265475
000000000000000000000000000000000000000000000000000010001001,0.051696579139164256,2000.508259833613
000000001000000000000000000100010000000010000000010000010000,0.08035559600478592,2565.585628330254
000000000000100000000110000000010000000000000000000000000000,0.041662907691209505,1201.647510245763
000010000000000000000000000000000000000000000000000000000001,0.05757812812499996,1001.271020836456
100001100000010001000000000000000000000010000001000000010001,0.16760300873415956,5300.947174455603
010000000000000000000000000000000001000000000000010000010001,0.12255973937499998,1187.8699653884291
000000000000000000000010010000000000000000000000000000000011,0.10634202375000001,999.2385402828222
000000000000000000000000000000000000000000010000000000001001,0.06370916888763345,1267.533913907671
000000000000000000000000000000000000000000000000000000001000,0.03801482030135317,641.1571658204413
000010010000000001000000100100000000000000010000000000010010,0.08551258945115014,3292.3399178527507
100000100000010001000000000100000000000000010000000001010010,0.12048925875910954,4187.462653941094
100000000000000000100000010000000000000000000000000000000001,0.09306617446249998,1329.8976892033108
000000000001000000000000000000010000000010000000100000000011,0.11275208426207062,2225.849615533252
000000100000000000000000000000000000000000000001000000010001,0.12379333263750003,1232.355235179102
000000000001000000000000000100010000000000000000010000010011,0.13402543731715366,2566.673376474695
000000000011100000100010000000000000000000000000000000001000,0.17079619297631532,1984.1435432456435
000000000000000000100000010000000000010000000000000000000001,0.07860407696250005,1329.3444768224758
000000010000000000000000000000000000000000000001000010010001,0.10568357125325789,2227.9395694409427
000000010011100000100010000000000000000000000000000000010001,0.17019958204687502,1810.155428220751
000000000000100000100000000000010000000000000000000000000000,0.04982739883749998,764.5701771864597
000000100000011000000101000001011010100000000001100000110000,0.18767179322269345,5740.631416319931
000000010010100000100000000000010000000000000000000000000001,0.11884815821250005,1450.733211537566
100000000000000000110000000000010000000000000000000000000000,0.046362355712500025,924.3082027032276
000000010000000000000000001000000000000000000001000000010001,0.09847834379999998,1646.1255925341268
000000010000000000000000000000000000000000000000000000001001,0.07291327508535062,1270.5519936335938
100001100000010001000000000000000100000010000001000000010001,0.16760300873415956,5748.622592665156
000000100000011000000101000001011010100000100000000000000000,0.08970450034107924,5198.0833242180815
000000000000000001000000000000000000000010000001000000010001,0.12973638810577637,3020.9186275952443
010000000000000000000000000000010000000000000000000000001001,0.08915591888763341,1538.9894259207983
000000000001000000100000010000000000000000000000000000000001,0.08557614883749998,1407.2338682502927
000000000011000000100010000000010000000000100000000000000000,0.10208079312187501,1700.797921506026
000000010000000000000000000000010010000000000000000000000000,0.010874309375000002,483.43458380018444
000000010010100000100000000000010000000000000000000010001001,0.11846367111799239,3079.9754389040017
000000010000000000100000000000010010000000000000000000000000,0.03345273196249998,914.9909439341154
000100010000000000000000000000000000000000000000000000000000,0.005708750998433376,986.7336685646567
000000010000000000000000000000000000000001000000000000001001,0.09978579705922686,2288.5844194219176
100001100000010001000100000000000100000010000001000000010001,0.17953486668810226,6014.19965306875
100000000001000000000000000100010000000011000000010000010001,0.1646186103168521,3978.1953916542902
000000000000000010000000000000000000000000000000000000001000,0.03801482030135317,1271.1621541897198
000000000011000010100010000000000000000000000001000000010001,0.14746830579687498,2484.8220203621368
000000010000000000000000000010000000000000000001000000110001,0.11819446571250003,1909.6164994735318
000000000000000000000000000000000010000000000001000000010001,0.09014929507725,1051.0821532200835
000000001000000000000000000001010000000010000000000000000001,0.103537293971258,2760.678220752264
100001100011100000100010000000000000000000001000000000010001,0.17315368467829273,4659.656160912471
000000010000000000000000000010000000000000000001000000110001,0.11819446571250003,1909.6164994735318
000000010010100000100000000000010000000000000000010000000001,0.1459092501375,1600.608716936548
000000100001100000100010000000000000000000000000000000010001,0.15912895308749997,1902.161842399693
000000000000000000100000000000010000000000000001000000000000,0.07860407696250005,969.8087507797939
000000000000000000000000000000000000000000000001000000110001,0.11338708263749997,1118.1299976613639
100000000001000000000100000100010000000011000000010000010001,0.19629665798860874,4426.60375501988
100001100000011001000000000000010000000000000000000000000000,0.0667555104212959,4535.618305725178
000000000000000000000000000000000000000000000001000001110001,0.09536474492650993,2541.3947190660756
100000100000010001000000000000001000000000000000000000001000,0.12589762731498877,3237.368216417744
000000001001000000000000000000010000000010000000010000010000,0.11677235271415543,2235.4024929210736
000000010000000000000000000000000010000000000000000000000001,0.06845243749999996,788.8557369363464
000000000000000000000000000000000000100000000000000000000001,0.05757812812499996,622.0655239759557
000000000000100000100000000000010000000000000000000000010001,0.13854463388750005,1188.9649957163747
000000000000000000100010000001000000000000001000000000010001,0.13130649106460734,2681.8290550798765
