config,science,cost
000000000000000000000000000000000000000000000000000001000000,0.06140520000000001,365.9354379217204
000000001000000000000000000000000000000000000000000001000000,0.06140520000000001,365.9354379217204
000000000000000000000000000000000000000000100000000001000000,0.0758672975,616.7547471644918
000000000000000000000000000000000000000000000000000001000100,0.014365618564915325,1350.552814967763
000000000000000000000000000001000000000000000000000001000000,0.0645502,707.7736247222758
000000000000000000001000000000000000000000000000000001000000,0.06369915375,1043.9557291164201
000000000100000000000000000000000000000000000000000001000000,0.06343809883308793,1231.7851127927054
000000000000000000000000000000000000010000000000000001000000,0.09138127945225001,530.2314233262149
000000000000000000000000000000000000100000000000000001000000,0.08243114883750001,778.6524131629484
000000010000000000000000000000000000000000000000000001000000,0.08685195000000002,634.6404489819422
000000000000000000000000000000000000000000001000000001000000,0.06369915375,1035.0603863162373
000000000000000010000000000000000000000000000000000001000000,0.06140520000000001,616.218716096633
000000000000000000000000000000000000000000000000000000000000,0.0,0.0
000000000000000000000000000000000000000000000000001001000000,0.04191496074446889,1152.7297246529288
000000000010000000000000000000000000000000000000000001000000,0.06140520000000001,995.9404262909989
000000000000000000000000000000100000000000000000000001000000,0.06140520000000001,616.7349294304985
000000000000000000000000000001000000000000000000000001000000,0.0645502,707.7736247222758
000000000000000000000000000010000000000000000000000001000000,0.06140520000000001,577.3130526605476
000000000000000000000000000100000000000000000000000001000000,0.06140520000000001,805.9084833887478
000000000000000000000000000000000000000000000000000000000000,0.0,0.0
000000000000000000000000000000000000000000000000000000010000,0.02544675,268.75502213727935
000000000000000000000000000000000000000000000000000000000000,0.0,0.0
000000000000000000000000000000000000000000000000000000010000,0.02544675,268.75502213727935
000000000000000000000000000000000000000000000000000000010100,0.007734478345180542,1183.5001342672967
000000000000000000000000000000000000000000000000000000010110,0.007863572546823317,2171.603099093828
000000000000000000000000000000000000000000000000000000010110,0.007863572546823317,2171.603099093828
000000000000001000000000000000000000000000000000000000010110,0.007863572546823317,2838.4734753388834
000000000000000000000000000000000000000000000000000000010010,0.024158106118938052,1483.3986544356956
000000000000000000000000000000000000000000000000100000000010,0.0314321988375,992.0355825192096
000000000000000000000000000000000000000000000000100000010010,0.04884265647527534,2125.7890644431923
000000000100000000000000000000000000000000000000100000010010,0.05087555530836327,2991.638739314177
000000000100000000000000000000001000000000000000100000010010,0.05280869430668525,3660.6243165323613
000000000100000000000100000000000000000000000000100000010010,0.05087555530836327,3852.404745992758
000000000100000000000010000000000000000000000000100000010000,0.06512555027058793,2098.550624086345
000000000100000000000010000000000000000000000000100000010010,0.06637842546281843,3615.8188148320887
000000000100010000000010000000000000000000000000100000010010,0.06637842546281843,3681.61810992906
000000000100010000000010000000000001000000000000100000010010,0.09471142803067455,4699.650535717385
000000000100010000000110000000000001000000000000100000010010,0.08870398815421376,5955.19890488133
000000000100010000000010000000000001000010000000100000010010,0.11301558671504955,4911.119186727914
000000000100010000000010000000000001000010000000100000110010,0.1156688811513869,5220.942540486915
000000000100000000000010000000000001000010000000100000010010,0.11301558671504955,4845.319891630942
000000000100010000000010000000000001000010000000100000010110,0.08483238565732243,5616.99727668355
000000000100010100000010000000000001000010000000100000010010,0.10735483328307371,5744.5556163387055
000000000100010000000010000000000001000010000000100000010010,0.11301558671504955,4911.119186727914
000000010100010000000010000000000001000010000000100000010010,0.11480429659346628,5228.769646124225
000000010100010000000010000000100001000010000000100000010010,0.1100821294988236,5494.414073971251
000000010100010000000010000010100001000010000000100000010010,0.10785469219002985,5695.701700341708
000000010100010000000010000000100001000010000000110000010010,0.11981819487601791,5618.6859503851265
000000010100010000000010000000100001000010000000100010010010,0.10923872219688088,5858.480023890588
000000010100010000000010000000100001000010000000100000010000,0.11082732998159309,3977.1458832255075
100000010100010000000010000000100001000010000000100000010010,0.11297264423093092,6140.483539078594
000000011100010000000010000000100001000010000000100000010010,0.11040813697151054,6572.911989900054
000000010100010000000010000000100001010010000000100000010010,0.1387194982488236,5554.128464132695
000000010100010000000010000000100001000010000000100000010000,0.11082732998159309,3977.1458832255075
000000010100010000000010000000100001000010000000100000000000,0.08570907545906786,3800.18136966199
000000010100010000000010000000000001000010000000100000000000,0.09043124255371056,3534.536941814964
000000000100000000000010000000000000000000000000100000000000,0.03346509767058793,1921.5861105228278
000000000100000000000000000000000000000000000000100000000000,0.03346509767058793,1297.406035004916
000000010100000000000010000000000001000000000000100000000000,0.07012900819433555,3257.2689957074635
000000000100000000000000000000000000000000000000100000010000,0.06112939892058793,1474.3705485684336
000000000000000000000000000000000000000000000000100000010010,0.04884265647527534,2125.7890644431923
000000000000000000000000000000000000000000000000110000010000,0.07230880946250001,674.9391298885487
000000000000000000000000000000000000000000000000110000010010,0.05852779979089013,2250.0609408570676
000000000000000000000000000000000000000000000000010000010000,0.038659059375,342.3815556643603
000000000000000000000000000000000000000000000000000000010000,0.02544675,268.75502213727935
000000000000000000000000000000000000000000000000000000000000,0.0,0.0
000000000000000000000000000000000000010000000000000000000000,0.02997607945225,164.2924476480789
000000000000000000000000100000000000010000000000000000000000,0.05321386701250001,577.0082078134757
000000000000000000000000000000000000000000000000000000000000,0.0,0.0
000000000000000000000000000000000000011000000000000000000000,0.05305126231106258,760.1886445625349
000000000000000000000001000000000000010000000000000000000000,0.06423321946829683,1166.623877762273
000000000000000000000000010000000000010000000000000000000000,0.02997607945225,328.5776726426425
000000000000000000000000010000000000010000000000000000000000,0.02997607945225,328.5776726426425
000000000000000000000000000000000000010000000000000001000000,0.09138127945225001,530.2314233262149
000000000000000000000000001000000000010000000000000001000000,0.09138127945225001,1171.325589023995
000000000000000000000000000000000000110000000000000001000000,0.11461906701250002,837.9318036003601
000000000000000010000000000000000000010000000000000001000000,0.09138127945225001,780.5147015011275
000000000000000000000000000000100000010000000000000001000000,0.09138127945225001,781.2899028017803
000000000000000000000000000000000100010000000000000001000000,0.09138127945225001,1324.332164542076
000000000000000000000000000000000000110000000000000001000000,0.11461906701250002,837.9318036003601
000000000000000000000000000000000000110000000000000001000001,0.10228946950103315,1982.1929098117707
000000000000000000000000000000000000110000000100000001000000,0.0751840268668254,1836.4734476139447
000000000000000000000000000000000000110000000000000011000000,0.11518738888750002,1021.8425361195456
000000000000000000000000000000001000110000000000000001000000,0.11642387567500001,1506.9173808185442
000000000000000100000000000000000000110000000000000001000000,0.11461906701250002,1285.607221809913
000000000000000000000000000000000000110000000000000001001000,0.11743120067500001,1431.9621568992047
000000000000000000000000000000000000110000000000000011000000,0.11518738888750002,1021.8425361195456
000000000000001000000000000000000000110000000000000011000000,0.11518738888750002,1688.712912364601
000000000000000000000000000000000000110000000000001011000000,0.09174685048658933,1934.5508192600923
000000000000000010000000000000000000110000000000000011000000,0.11518738888750002,1272.125814294458
000000000000000000000000000000000000110000001000000011000000,0.12152457755000001,1614.0149119633252
000000000000100000000000000000000000110000000000000011000000,0.11571522996250001,1412.1909899956536
000000000000000000000000000000000000110000000000000001000000,0.11461906701250002,837.9318036003601
000000000000000001000000000000000000110000000000000011000000,0.11833238888750001,1385.8018155466036
000000000100000000000000000000000000110000000000000011000000,0.11921836339558795,1887.6922109905308
