config,science,cost
000010001100000011000000000000010000011000100100100000000000,0.06869075563224158,6620.366623788343
001000000000010010010000000100110000010000100001000001010000,0.1416714786365071,5815.085457259991
000100000000000000000000100000000000000000000000000001000000,0.03817627997030648,2142.570356868936
000000000100010000000000000000000000010010010010010000000000,0.08288320409565197,2679.072523499291
000000000000010000000100000010000000000000010010000000001000,0.08218110022871561,2302.4596481145236
000000000000000000100000000000000000000000010011000011000100,0.10333648948628205,3117.5457396329234
000000000100010000000000000000000000010010000010000000101000,0.13445547790133228,3507.2114483834616
000100000000000000000000000000000010000000000000000000000000,0.003685949525120469,1116.1329530458977
000000000100010000000000000000000000010010100010000000010010,0.1428025318106798,3158.0796054581742
000000000000010001000010000010000000010000010000000000000100,0.0677744853181349,3040.191264147975
000000000001000011000010000100000000101100100101000000010010,0.13841149661249696,7160.954158347385
000000000000010000000000000000000000000010000000000010000000,0.04781305999999996,1464.9877592043954
000000000000001000000100010001110010010110001000000010010001,0.15427297273262708,8009.021354337113
000010010001000100000000000100000000101000100101000000010010,0.13076423035642004,6480.7940280269595
000000000100000000000000000000000000000000000000000100000000,0.057495210123111096,1242.9463066809717
000000000000000000000000000000010000100000000000000000000000,0.0,417.89634425395434
000100000000000000000000000000000000000000000000000010010000,0.04730874597512047,1537.6440443339752
000000000000000000001000000000000000010010010010010000000000,0.04475440025015209,2631.1705135721104
000001000000000000000000000100000000101000100101000000011010,0.11212849768289523,5569.172335020219
000000000000010000000100000010000000000010010101000000010010,0.1250876967656921,3475.0606126803586
000000000100010000000000000000000000000010010010110000000001,0.14199579465130663,2744.3826707205953
000000000100000000000000000000000000000010010010110000000001,0.13617011531779633,2475.6776596603736
000000100100000000000000000000000000101000100101000000010010,0.1290609694706346,4013.217785434508
000000000000001000000100010001110010010110001000000010000000,0.0831306317857855,6917.819047537404
000000100000000000100011010100010010000000000000000000000010,0.13615948616249995,3157.4648855983637
000000000000000000000000000000010000100000000000000000000000,0.0,417.89634425395434
000000000100010000000000000000000000010010010110010000000000,0.07894107534602779,2905.013406700027
000000000000000000001000000000000000000000000000000000000001,0.06366174825517779,1040.4773969658086
100100000100000000000000000000000000000000000001000100000000,0.07647505630046914,2589.7176102101976
100000000000000000000000000000010000010010010110010000000000,0.045689641687517435,2614.1629064066497
000000000000000000100000000000000000000000000000000000000000,0.021025948837499975,431.63363893128997
000010000000000000000000000000010000100000000000000000010000,0.031619571250000034,1212.13931280379
000010010001000100000000000100000000111000100101000000010010,0.1297153860686464,6753.026398062112
000000000000000000000011010100010010000000000000100000000010,0.11737005874999995,2519.9953209807645
000000000100010000000000000000100000010010010110010000000000,0.10027313004062322,3332.751427579364
000000000000000000000100000000000000000000000000000000000000,0.046922313256620996,448.4685696012415
000010010001000100001000000100000000101000100101000000010010,0.13291014478638463,6963.097870607053
000100100000111000010000000000100001000001000100110000100010,0.16503456916381265,6907.228124804981
001000000000010010010000010100110000010000000000100000000010,0.0710026337681654,4842.105634048518
000000000100010000000000000000000000000000000000001000010010,0.12271537718505265,1571.6892988139766
000000000100000000100000000000000000000000000000000000000000,0.07171003853491009,880.1022085325314
000000000000000000100000000000000000000000010011000011000110,0.10541405702269246,3306.1067797168694
000000000000000000000000000000010001100000000000000000000000,0.05414406562499996,678.6566292765195
000000000110010000000000000000000000010010100010000000010000,0.12110697555625571,3324.4225855666004
000010000000010000000000000001000000000000000000000000000000,0.06370004136604679,1901.0378917872788
000000100000010010010000000110110000010000100001000001010000,0.15767543775369974,6565.211293787168
010000000000000000100000000000000000000000010011000011000110,0.13103970269827303,3574.811790777091
000000000100110000000000000000000000000000000000001000010010,0.14542967718505273,1746.7089374085087
000000000100010000000000000000000000000000000000000000010000,0.1012787452256777,881.5194741039389
000000100000111000010000000000100001000001000100110000010010,0.18278973456322567,5443.7375362119
000100100000111000010010000000100001000001000100100000000000,0.14166188248961564,6018.294965841782
000010100000111000000000000000010000100000000000000000000000,0.07350999519643064,3281.6927418530076
010000100000111000010000000000100001000001000100110000010010,0.19077611018061746,5620.702049775419
000000000100110000100000000000000000000000010011000011000100,0.18625880384382765,3918.85634659458
000000000100001000000000000000000000000000000000000100000000,0.05978916387311106,1926.0141328702337
000000100000010010000000000000000000000010010110110000000001,0.1373749745373749,4698.731953583705
000000100000111000010000000000100001001001000100110000010010,0.1827199194453495,6585.712097390415
000000000100011000000000000000000000000000000000000000000000,0.0704238252256777,1323.009464522357
110000010001000000000000000100000000101000100101000000010110,0.15226442169189347,5719.490276795879
000000000000000000000001010000100000000000000000000000000000,0.07517001446250005,964.1287062438323
000000100000000000100011000000100001000001000100010000010010,0.2061956259521568,3718.8799277095604
000000000000000000000000000000010000101000000000000000000000,0.0022939537499999663,992.2017579588208
010000100000111000010100000000100001000000000000000000010000,0.18329051113198047,3722.4100400635734
000000000100010000000000000000000000100010010010110000000001,0.13889710165122648,3645.8899845593323
000000100000000000100011000000100001000001000100000000000010,0.1473298296021568,3501.6800900232447
000010000001010000000011000000100001000001000100010000010010,0.20425865066403381,4592.309453263726
000000000110110000000000000000000000101000100101000000010010,0.16756986362735737,4196.597011635645
000000000100010000000000000000000000000000000100000000010010,0.11961272593505268,1428.2694610648127
000000000000010000000100000000100001000001000100000100000010,0.130785239281495,3709.8986948343113
000000000100010000000000000000010000000000000000000000000000,0.06965917397567767,884.2593535721418
000000000000000000000000000001000000000000000000001000010010,0.08875162767767186,1856.9038167459432
000000000000000000000000000000100001000000000100000000000010,0.09400765767187502,1353.2067063667882
000000100000000010000000000000000000000000000000000000010000,0.06460424383749996,1225.857333907704
000000000100000000100000000000000000000000010011000011100100,0.14006089914862185,4066.1296831368873
001000100000000000000000000001000000000000000000001000010010,0.11770013823805503,2832.232440531272
000000000000000000010000000100100001000001000100110000010010,0.11174379044217764,4454.596696395067
000000001000000000000100000000000000000000000000000000000100,0.06080305635004679,1558.044265415227
000000100000111000010000000000100001000001000100000000000110,0.18099927434791774,4998.011642546826
000000000000000000000100000000000000010000000000000000000000,0.046922313256620996,707.1963263632585
000000000100010000000000000000000000000000000100000000010011,0.16919828251104396,1693.6389353899558
000000000000000001000100000000000000000000000000000000000000,0.03153689714319352,1271.3188497827541
000000000000000000000000000000100000000001000100000000000110,0.0775047409679881,2299.329743211446
000000000000000000000001000000000000000000000000000000010000,0.08412014507724996,530.2314233262149
000000000000000000000000100000010001100000000000000000000000,0.05414406562499996,839.0708567895657
000010000000010000000000000000000001000010000100000000000010,0.11307428065937497,2715.7068151044564
000000000000010001000000000000000000010010100010000000010010,0.10123450899858921,3777.966089110021
000010000001010000000011000000110001000001000100000000010010,0.1989507956965133,4501.017732996032
000000000100110000110000000000000000000000000000000000010000,0.15339780156317773,1463.7802070999155
000010000001010000000011000000110001000001000100100000010010,0.22400309569651333,4649.822447190178
000000000000000000000000000000010001100000000000000000100000,0.07517001446250005,1091.3736045177475
000000000100010000000000000000000000100001000100100000010010,0.15481204318813302,2661.8448677298015
000000000100000000101000000000000000000000000000001000010010,0.1377231110615862,2589.3995673555482
010000100000110000000011000010110001000001000100000000010010,0.20712325094790485,6137.402999064047
000000100000111000010000000000000000000000100000001000010010,0.12657340085391056,3587.1879155064753
000000000000000000000000000000101001000000000100000000000000,0.04476154212905481,2202.7707428575823
