config,science,cost
000000000000000100110000010010001000100000001000110000010100,0.06404852709771314,5584.623442591561
000000000011000000000010000000010000000000100000000000100000,0.10208079312187501,1795.9384637861947
000000000001001000000000000000000000000000000010101010011010,0.11112102533340329,4297.63176591455
000000000000000100110000010010011000100000001000110000010000,0.09526918518368577,5070.799155014911
101000000001000000100000000000000100000001000000000000000000,0.12032920742393793,3936.267244287178
000000010000000000000010110000100000000000001000001000000000,0.037378311200000014,2508.9756928413
101000000001000000000010010000000000000000000100111000000000,0.10425087278972955,4677.549151026134
000000000011000000000010000000010100000000000000000000000001,0.08288418070937498,1711.7546189743393
000000000100000000010000000100000000001000000000000000000001,0.11448672064840137,2516.732406023789
001000000001000001000001000000000010000000001000100000000000,0.10034088301365496,3612.35908846916
001000000000001000000000000000000000000010000100111000000000,0.04906504206712958,4387.4409034861
000000010000000010000100000000000000000000000000100111000001,0.07983790061810525,4701.70080109045
010000000100000000000010000000000000000000000010000000000001,0.09576089800675025,1602.4077099004946
000000000001000000000110110000100000000010000000001000000001,0.14217936694664657,3380.676426146445
000000000000010000000011000000000000000000000000000000000001,0.0844743677436256,1643.3994487240295
000000000000100000000000000100000000000000000000000010000000,0.029447525200000046,1718.2073265121303
010000100000001000011000000000000010000000000010000000000100,0.11204020100973688,3359.008675239662
000000000100000000000000000000010010000000000010000000000100,0.056887444236649376,1415.9077768826262
101000000001000000000010000000010000000000000000001000000000,0.08589089676064643,3061.379278068888
000000000100000000010000000100000000000000001000101000000000,0.08967160032241006,2942.913053552982
001100000000001000000000000000000000000000000000000010000000,0.023089674923227776,3216.5400304599766
000000000000000000010100000000000101000001000011001000000000,0.09101100103999116,3781.810387519175
000001000010000000000010000000000000000000000000000000000000,0.05650497892568329,1581.2217629954512
000010000000000000000000000000001000100000001000110000010000,0.08510082374999994,2691.4303445202813
010000000011000000000010000000010000000000100000000000100000,0.12062254330589295,2547.600941865684
010000000011000000000010000000000101001000000010000001000000,0.12693422206881222,4284.4665105132035
001000000010000000000101000000010000000000000000110001000000,0.0928632406754899,3533.7794253208167
000001110100010000100010010000000000010001000000110000000011,0.1978799939055682,5726.486503058346
010000000011000000000010100000010000000000100000000000100000,0.12062254330589295,2712.079280025163
000001110100010000000011000000000000000000001000000000000001,0.11718392560308688,4310.387938439735
010000010011000000000010000000000101001000000010000001000000,0.13701083861285612,4407.859044676912
010000000100000000000010000000000000100000000010000000000001,0.09576089800675025,1751.8697144752289
000001000100001000000010000000000000100000000010000000000001,0.08967879773470844,2876.662214438978
000000000000010000000010000000010000000000100010000000100000,0.04835665923749999,1560.728050115977
001000001000000000000010000000000101001000000010000001000000,0.06866799362132925,4643.493896150261
000000000100000000010000100100000000000000000000000010100000,0.10010637618491003,2703.1169915160262
000000010000000000000010110000100000000000000010000000100100,0.08189933238787306,2353.716879109055
010000000100000000000010100000000000000000000010000000000001,0.09576089800675025,1860.9130823965763
000010000100000000010000100100000000000000000000000010000001,0.11881400336835035,4194.669216836113
000001110100011000100010010000100000000010000000001000000001,0.14815166895681797,6677.024677565531
000001000001000000000100000000000000000000010010000000000100,0.09553301679226534,2669.6771397009447
010000100000010000000011000000000000000000000001000000000001,0.12948273062249183,2705.531395836775
000000000001000000000000000000000000000001000000000000000000,0.08430775848078165,1383.9678637100442
010000100011000000000010000000010000000000100000000000100010,0.16030690338033315,3255.809789262595
010000000100000000000010100000000000000000000010010000000001,0.11813970276687558,2010.7885877955582
000001110001000000100000000000000000000001000001000000000000,0.08334209442637719,4043.169445028157
010000000100000001000010000000000000000000000010000000000000,0.06293407250679106,2304.9229467322434
000000010100000000000000000000000000000000000000000100000000,0.0618455445878745,1361.907746541953
010001110100011000100010010000100000000000010000000000000000,0.08021102346166264,5692.810237521176
000000000000100000000000000100000000000000000100000000000000,0.014462097500000048,1560.3383656769577
010000000011000000000010000000010000000000100000000000100010,0.15105245822151792,2670.498503036521
000000000001000000011000000010000010000000000010000000000100,0.1118277343174503,2616.6845568668264
000010000001000000000110110000100000000010000000001000000001,0.14857612242164653,3867.68328022849
010001110100010000100010010001000000010001000000110000000011,0.1974186396584655,7114.536817011608
000000000100001000000000000000010010000000000000000000000000,0.052978043447410084,1447.9062765000385
011000000100000000000010100000000000000000000010010000000001,0.11422144419230684,3069.269805487116
000000000000010000110010010000000000010001000000110000000001,0.14561491918330582,3682.9932517837897
010000000011000000000110000000010000000000100000000000100000,0.1426108673961206,3015.519094258917
010000000011000000000010000000000101001000000011000001000000,0.13524035398298107,4510.945829369904
000000000100010000000000000000010010000000000010000000000001,0.11874106805166895,1615.8851791377451
010000100000000000000000000000000000000000000000000100000001,0.07244334070155922,1882.497748021721
000000000010000000000010000100000000000000000000001000000001,0.07870972508437502,2314.2181000409196
000000000000010000100010100001010000000000100000000000100000,0.07480009124279996,2982.15328500044
010001110101000100000000000000000000000001000000000000000000,0.0788752638214304,4632.503382869831
000000000000010000000010000000000000000000000000000100000000,0.03298011575083282,1239.8236289252595
000001110100010000101010010000000000010000000000000000000000,0.060983410141335126,4490.200932615298
010000010011100000000010000000000101001000000010000001000000,0.14836798861285605,4588.508572213128
000000000100010000100010010000001000010001000000110000000011,0.20522824394901684,4961.936422414989
110000000011000000000010000000010000000000100000000000100010,0.1454267131550938,2978.2459931109456
000000000011000000011000000010000010000000000010000000000100,0.11914165437657664,2800.5952893860117
010100000011000000000010000000010000000000100000000000100010,0.08928066747839047,3375.379884534399
010000100000000000000010000100000000000000000010000000000001,0.11781127196249996,2305.650774430296
000000000100010000000000000000010010000000000000000000000001,0.11874106805166895,1404.5075643989178
000000000100001000000000000000010000000000100000000000100000,0.07583197219741,2124.150165491137
010000100011000000000010000000010000010000100000000000100000,0.1298769884647082,3295.2783121891257
000000000001000000000010000000010000000000000000000000000000,0.06254184375000005,786.6945322912217
010000000011000000000010010000000000010001001000110000000001,0.13943551746375904,4754.016017443056
000000000100000000001000000000000000000001000000110000000011,0.1589987625299577,3562.492260904744
010000000100000000000000000000000000000000000000000000000001,0.09462425425675025,1137.3098483134052
010000100011010000000010100000000000000000000000000000000001,0.14278031901605537,3007.626131328808
000000000011001000011000000010000010010000100000000000100000,0.10486695027179038,4187.587451186765
000000000001000000000000000000001000000001000000000000000000,0.08430775848078165,2050.8382399550997
000001110100010001000010000000010000000000100000000000100010,0.10456960739220977,4724.824487903694
000000000100000000000000000000000000000001000000000000000001,0.11994451204938517,1837.7068216210916
000000000000000000000000000010000000000000000000000000000000,0.0,624.1800755179117
010000000011000000000010000000010010000000000000000000100001,0.12754896271464233,2515.713990751732
000000000001010000000110110000100000000010000000001000000001,0.1416684799939263,3714.686382216093
010000000011000000000010010000010000000000100000000000100010,0.15105245822151792,2844.593969563259
000000000010000000000010000000010000000000000000000000000001,0.07591210883437505,1045.7453736849411
010000100011001000000010000000010000000000100000000000100010,0.16133278465200707,3875.3272552898175
000000000001000000000010000100010010000000000000000000000001,0.06568684375,2253.5694649109014
010000100111001000000010000001000000010001000000110000000011,0.18466663348745394,6661.5812103927265
010000000100000000000000010000001000000000000000000000000000,0.04523548551526668,1748.0028066495574
010000000010000000000000000000010010000000000110000000000100,0.06631456564719129,1821.4590138947906
000000000100010000100010010000001001010001000010000000000100,0.13400771508456966,4668.031590696826
