config,science,cost
100000000000000000000000000000000000000000000000000000000000,0.0144620975,259.2800180585232
100000000000100000000000000000000000000000000000000000000000,0.0144620975,518.5600361170464
100000000000000000000000100000000000000000000000000000000000,0.0144620975,517.842747288103
100000000000000000000000000000000000100000000000000000000000,0.0144620975,510.14060047885664
100000000000000000000000000000000000000000000000100000000000,0.0144620975,510.1603703154566
100000000000000000000000000000000000000000000000000000000000,0.0144620975,259.2800180585232
100000000000000000000000000000000000000000000000010000000000,0.040800051350000005,518.0311851456465
100000000000000000000000000000000000000000000000000000000000,0.0144620975,259.2800180585232
100000000000000000000000000000000000000000000000001000000000,0.01675605125,928.3489750057122
100000000000000000000000000000000000000000000000000000000000,0.0144620975,259.2800180585232
100000000000000000000000000000000000000000000000000100000000,0.018237705450390825,1053.4600404873186
100000000000000000000000000000000000000000000000000000000000,0.0144620975,259.2800180585232
000000000000000000000000000000000000000000000000000000000000,0.0,0.0
000000000000000000000000000000000000000000000000100000000000,0.0144620975,250.88035225693346
000000000000000000000000000000000000000000000000000000000000,0.0,0.0
000000000000000000000000000000000000000000000000010000000000,0.02944290135,258.7511670871233
000000000000000000000000000000000000010000000000000000000000,0.0,258.7277567620171
000000000000000000000000000000000000000000000000010000000000,0.02944290135,258.7511670871233
000000000000000000000000010000000000000000000000000000000000,0.0,267.90279362473655
000000000000010000000000000000000000000000000000000000000000,0.02544675,268.75502213727935
010000000000000000000000000000000000000000000000000000000000,0.02544675,268.75502213727935
000000000000010000000000000000000000000000000000000000000000,0.02544675,268.75502213727935
000000000000000000000000000000000000000000000000010000000000,0.02944290135,258.7511670871233
000000000000010000000000000000000000000000000000010000000000,0.031411155,527.5061892244026
010000000000000000000000000000000000000000000000010000000000,0.031411155,527.5061892244026
000000000000000000000000010000000000000000000000010000000000,0.02944290135,526.6539607118598
000000000000000000000000000000000000010000000000010000000000,0.02944290135,517.4789238491404
000000000000000000000000000000000000000000000000010000000000,0.02944290135,258.7511670871233
000000000000000000000000000000000000000000000000001000000000,0.0022939537500000005,669.124948394517
000000000000000000000000000000000000001000000000000000000000,0.0022939537500000005,668.9855772181842
000000000000000000000000001000000000000000000000000000000000,0.0022939537500000005,678.0202911946997
000000000000001000000000000000000000000000000000000000000000,0.0022939537500000005,683.3697556285204
001000000000000000000000000000000000000000000000000000000000,0.0022939537500000005,683.3697556285204
000000000000000000000000000000000000000000000000000000000000,0.0,0.0
000000000000000000000000000000000000000000000000000100000000,0.0037756079503908245,794.2360138761233
000000000000000000000000000000000000000100000000000000000000,0.0,794.100741215861
000000000000000000000000000100000000000000000000000000000000,0.0,860.7660066785807
000000000000000100000000000000000000000000000000000000000000,0.0020328988330879263,865.8496748709849
000100000000000000000000000000000000000000000000000000000000,0.0036859495251204424,865.8496748709849
001100000000000000000000000000000000000000000000000000000000,0.00385127614839117,1934.9529816091017
000100000000001000000000000000000000000000000000000000000000,0.005979903275120443,1549.2194304995055
000100000000000000000000001000000000000000000000000000000000,0.005979903275120443,1543.8699660656848
000100000000000000000000000000000000001000000000000000000000,0.005979903275120443,1534.8352520891692
000100000000000000000000000000000000000000000000001000000000,0.005979903275120443,1534.974623265502
000100000000000000000000000000000000000000000000000000000000,0.0036859495251204424,865.8496748709849
000000000000000000000000000000000000000000000000000000000000,0.0,0.0
000000000000000000000000000000000000000000000000000010000000,0.014985427700000003,598.2172932223544
000000000000000000000000000000000000000010000000000000000000,0.014985427700000003,598.065454921819
000000000000000000000000000010000000000000000000000000000000,0.0,624.1800755179117
000000000000000010000000000000000000000000000000000000000000,0.0,630.0049883692784
000010000000000000000000000000000000000000000000000000000000,0.0,630.0049883692784
000000000000000000000000000000000000000000000000000000000000,0.0,0.0
000000000000000000000000000000000000000000000000000001000000,0.034490330445186075,1018.2153095018691
000000000000000000000000000000000000000000000000000000000000,0.0,0.0
000000000000000000000000000000000000000001000000000000000000,0.034490330445186075,1018.0324257883237
000000000000000000000000000001000000000000000000000000000000,0.03425714001604683,1002.3278923577784
000000000000000001000000000000000000000000000000000000000000,0.030751654416775135,1009.3045466820167
000001000000000000000000000000000000000000000000000000000000,0.04294237299334684,1009.3045466820167
100001000000000000000000000000000000000000000000000000000000,0.04184470449267938,1316.4182404536473
000001000000000000000000000000000000000000000000000000000000,0.04294237299334684,1009.3045466820167
000001000000000000000000000000000000000000000000100000000000,0.05740447049334684,1260.1238559247881
000001000000000000000000000000000000000000000000000000000000,0.04294237299334684,1009.3045466820167
000000000000000000000000000000000000000000000000000000000000,0.0,0.0
000000000000000000000000000000000000000000000000000000100000,0.021025948837500003,412.71697524122806
000000000000000000000000000000000000000000000000000000000000,0.0,0.0
000000000000000000000000000000000000000000000000000000010000,0.02997607945225,164.2924476480789
000000000000000000000000000000000000000000000000000000000000,0.0,0.0
000000000000000000000000000000000000000000000000000000001000,0.03801482030135316,641.1571658204413
000000000000000000000000000000000000000000000000000000000000,0.0,0.0
000000000000000000000000000000000000000000000000000000000100,0.04650257321807113,440.06168448168603
000000000000000000000000000000000000000000000000000000000000,0.0,0.0
000000000000000000000000000000000000000000000000000000000010,0.018333980709375003,211.46865101052936
000000000000000000000000000000000000000000000000000000000000,0.0,0.0
000000000000000000000000000000000000000000000000000000000001,0.057578128125,371.2660324671776
000000000000000000000000000000000000000000000001000000000000,0.057578128125,371.2135431246241
000000000000000000000000000000000001000000000000000000000000,0.054144065624999994,363.9592794270581
000000000000000000000001000000000000000000000000000000000000,0.054144065624999994,365.9354379217204
000000000001000000000000000000000000000000000000000000000000,0.06140520000000001,365.9354379217204
100000000001000000000000000000000000000000000000000000000000,0.0768746225,527.1886491139984
100000000000000000000000000000000000000000000000000000000000,0.0144620975,259.2800180585232
100000000001000000000000000000000000000000000000000000000000,0.0768746225,527.1886491139984
100000000001000000000000000000000000000000000000000000000010,0.09520860320937502,738.6573001245278
100000000001000000000000000000000000000000000000000000010010,0.12518468266162502,798.3716902859719
100000000001000000000000000000000000000000010000000000000010,0.09520860320937502,902.9456466928609
100000000001000000000000000000010000000000000000000000000010,0.09520860320937502,905.6961476457666
100000000001000000010000000000000000000000000000000000000010,0.10608291258437501,905.963726418784
100000010001000000000000000000000000000000000000000000000010,0.11977806258437501,803.3668412746284
100000000001000000000000000000000000000000000000000000010010,0.12518468266162502,798.3716902859719
100000000001000000000000000000000000000000010010000000000000,0.0768746225,798.2672400439417
100000000001000000000000000000010010000000000000000000000000,0.0768746225,843.3168066199266
100000000001000000010010000000000000000000000000000000000000,0.088885575625,847.2761643885592
100000000001000000000000000000000000000000000000000000010010,0.12518468266162502,798.3716902859719
100000000001010000000000000000000000000000000000000000010010,0.14916997695937503,1067.0767013461937
100000000001000000000000000000000000010000000000000000010010,0.12518468266162502,1057.042504516332
100000000001000000000000000000000000000000000000010000010010,0.15252192580937501,955.8571378108435
