config,science,cost
100000000000000010000000101000010010100010000000000000000000,0.03891529934277971,4141.361665870176
000000000000000010000010000000000000000000000000000000000000,0.0011366437499999993,822.5357796899999
000010000000000000100001000000000100000100000001000001010011,0.12268074997551037,4744.2987924079
000000000000000000000000000000001010000000000001000000011000,0.11062939043606257,2078.2352364914823
001000000000000001000001000000000010000100100000010000000010,0.09490092412085482,4175.716310970345
000000100001000001000001000000000110000100100000010000000010,0.157050874060644,4596.6689914212575
000000100000100001000000010010000000000000000010000000000000,0.0586667049698657,3429.0330676011745
010000000000000000000000000000000000000000010000000101000000,0.0375991004489713,2039.297264266635
010000001000000000100110010000101001011010000000100101000000,0.11595950394798193,8754.152151394153
000000000000000001000000000000000000000000000000000000000000,0.030751654416775187,1009.3045466820167
000000100000100000100000110110000000010000000000000010001001,0.11900757826510111,5636.802343410205
000000000000000000000000000000000000000000000000000000000000,0.0,0.0
000000001000000000100001000000000100000100000001000000000001,0.09246058771767773,3387.9424963245147
101000000100000000000000100000000001000000000000000000000000,0.09652082050537136,2327.3213129385813
000000100001000001000001000000010110000100100000000000010000,0.142226561426269,4513.821057953841
000000000000001001000000010000000010100000000000000000000000,0.026924060337228828,2764.7050419260017
010000000000000000000000000000000000000010010001000001010011,0.13299582941111587,3747.350422806929
010000000000010010010010010000101001111010000000100100010000,0.10188601935055719,8040.551438437635
000000100000100001000000010010000000000010000100000000001011,0.1350367528937555,5760.078917558092
000000000000000010000000010000000000000000000000000000000000,0.0,897.8562583602854
100000000000001000000000010000010000100001010010000010011000,0.08671633807622736,4530.868924978154
000000001100000000100001000000000100000010010001000001010011,0.15876797483780525,5455.865269960012
000000000000000010000001000000000010000000100000010000000000,0.10581651821250004,1830.3245664188198
010000001000000000000000000000000000000010010001000001010011,0.12714084665430303,4465.166000136603
000000000000001001000000010000000000000000000000000000000000,0.026924060337228828,2356.070980982903
001000000000000000000000010000100000000000000000000101000000,0.03409165920969959,2887.8669305887124
000000000100000000000000000001000001000000000000000000010000,0.11693397817651052,2110.3267784292348
000000000000000000000000000000000110100100100000010000000010,0.05116331748512992,2722.007421384336
000000000000000000001000101000000000001000000000000000000001,0.0683191695051778,2498.2528937641655
000000000000000000000010000000001010000000000001000000000010,0.10634202375000001,1783.2354897877387
000000000000000010000000000000000000001000000000000000000000,0.0022939537499999663,1298.9905655874627
000000000000000000000010000000001010000000100001000000000010,0.1278716350875,2085.1117761518535
000000000000000010000011000000000000000000000000100000000001,0.0755496863077928,2459.0395880226497
000000000000000010000000000000000000000010010001000001010111,0.10933568574362607,4242.745147944819
000000000000000001000000000000100000000000000000000000001000,0.08336849039326144,2078.1997333817944
000000100000100001001000010010000000000010000100000000000000,0.0721992777127799,4939.643308988618
000000000000000001001000000000000000000000000010000000000000,0.020884440702136242,1717.2924993267707
000000000000000001000000000000100000000000000000010000000000,0.0740319201919083,1695.7368445342681
000000000000000001001000000010000000000000000010000000000010,0.04260160546455216,2552.941225855212
000010000000000000100010000000000001000000000000000000000000,0.07830473388750003,1602.7859329001078
000000000000000000000000000000000000000010010001001001010011,0.10326346563112077,4511.329973420465
010000000001010010010000000000000000000010010001000001010011,0.16252412102758995,5416.461180891694
000000001000000000100001000000000100000100000001000000000011,0.11279807423950028,3494.5335452123586
000000000100000000000000010001000001000000000000010000000000,0.10388239701801871,2516.2482228370036
010000000001010010010001000000000000000010010001000001000001,0.15215041946257646,5595.685298737111
000000100001000001000001000000010110000100101000000000010000,0.142226561426269,4962.213914439644
000000000000000000000010000000001010000000100001000010000010,0.1408589871125,2599.8414539586993
000000100001000001000001000000010111000100000001000001010011,0.14513688267475566,6419.81485116433
000010000000000001000000000000000000000000000000000000000000,0.030751654416775187,1639.3095350512951
000000000000000001100000000000000000000000000000000000000000,0.034327057828355656,1655.2204485317989
000010000000000001000000000000000000000000000000000000000010,0.050069761951150094,1850.7781860618245
000000000100000000000010000000000001000000000000000000000100,0.1080901088876407,1506.0815309131913
000010100000000010000000010000000000000000000000000000000000,0.046417626537500034,1889.891840879495
000000000001000001000001001000000110000100100000010000000010,0.13049348823848994,5404.293436629713
000000000000000000000000000000000000000000000000000000000010,0.018333980709374975,211.46865101052938
010000000100000000100000110110001000010000000000000000000000,0.06969242200945247,4394.622715009086
101000000100010000000000000001000001000000000000000000010000,0.13647832604264387,3733.8654047461628
000001000000000001000000000000000000000000000000000000000000,0.04966267374418942,2018.6090933640335
000000000000000000000000000000010000001000000000000000000000,0.0022939537499999663,836.024424739423
001000100000000000000000000000000000000000000001000010000010,0.12433084835937502,2139.8746533746116
000010000000000000100010000000000001000000000000000010000000,0.09867296821250005,2145.2151540546947
000000100001000001000001000000000110000100000000000000010000,0.14169872035126907,3891.143241483863
010100000001010010010000000000000001000000000000000000000100,0.13579085561149618,4093.7479742060536
000000000000000010000100000000000000000000000000000000010000,0.06651721338594552,1559.254345962262
000000000000000000000000000000001010000000000000001000010000,0.03616050695225004,1689.2080825438481
010000000100000000100000000000000001000000000000000000010000,0.14795391978042316,1725.855440811711
000000000000000000000000000000000001000000000000000000000000,0.05414406562499996,363.9592794270581
000100000000000010000100000000000000000000000000000000010000,0.07199000648369558,2425.104020833247
000000000000000000000000000000000001000000000000000000000000,0.05414406562499996,363.9592794270581
101000000100000000000000000000000001000000000010000000000000,0.09652082050537136,2378.578872788182
000000000000000000000000100000001000010000000000000000000010,0.018333980709374975,1433.1564298129178
101000010100000000000000000000000001000000000000000000010010,0.15125428379968064,2559.1917596180997
001000000000000000000000000000000000000000000001000000000100,0.09816735568605939,1494.576940025425
100100000000000000000000000000001010000000000001000000011000,0.11659467106333798,3241.6645427565118
000000000000000000100000000000000001000000100000000000010000,0.10788577371249997,1334.9028634055935
100010100000000000000100000000000000100110000000000000000010,0.13425211213052557,4628.593081458479
000000100100000000000010000000000001000000000000000000000100,0.12161916434172293,2105.0753622760217
010000000000000000000010000000000000000000000010000100000000,0.03298011575083282,1528.0388865234345
000000000000000000010010000000001010000000000001000000000010,0.11721633312500002,1849.602758214037
010000000000000000000000000000000000100110000000000000010001,0.11978528203906913,2663.896444290996
000000000000000011000000000000000100000010010001000001010011,0.11862899105667946,5725.587976849761
000000100001000001000000000000000000000000000000000000000010,0.12634274490043884,1929.4645249767545
010000000000011010010010000001000000000000000000100000000001,0.1341288260233836,4868.705358914758
101000000100000000000000000000000001000000001000000000000001,0.09809332050537134,3150.186223950769
000000000000000000100000000000000001000010100000000000010000,0.12185725256250002,1858.9466072405953
101000010100000000000000000000000001000000000000000000100000,0.12266867069059983,2700.725693687354
000000100001000001000001000000001110000100000000000000010000,0.14169872035126907,4392.532898367792
000000000001000000000000000000000000000000000000000000000010,0.07973918070937502,577.4040889322498
000000000000000000100000000001000001000010100010000000000000,0.0797803393154154,2937.7980748487225
000000100001001000000000000000000000000000000001000000000100,0.14118196006105932,2173.8929109855653
000000000010000000000000000000000000000000000001000000000010,0.08494227843750002,836.4024409834158
000000000010000000000000000000000000000000000001000000100010,0.105968227275,1160.5483263849512
100010100000000000000000000000000000100000000000000000000010,0.07438056783668179,2565.3444608978284
000000100000100001000000100000000000000000000001000000000100,0.14348436973713852,2817.6871574805646
000000000010000000000000000000000000000000000001000010100010,0.1189555793,1670.7168367139839
