config,science,cost
000000000000000000000000000000000000000000000000100000000000,0.0144620975,250.88035225693346
000000000000000000000000000000000000100000000000000000000000,0.0,250.8605824203334
000000000000000000000000100000000000000000000000000000000000,0.0,258.5627292295798
000000000000100000000000000000000000000000000000000000000000,0.0144620975,259.2800180585232
100000000000000000000000000000000000000000000000000000000000,0.0144620975,259.2800180585232
000000000000000000000000000000000000000000000000000000000000,0.0,0.0
100000000000000000000000000000000000000000000000000000000000,0.0144620975,259.2800180585232
000000000000100000000000000000000000000000000000000000000000,0.0144620975,259.2800180585232
000000000000000000000000100000000000000000000000000000000000,0.0,258.5627292295798
000000000000000000000000000000000000000000000000000000000000,0.0,0.0
000000000000100000000000000000000000000000000000000000000000,0.0144620975,259.2800180585232
000000000000000000000000100000000000000000000000000000000000,0.0,258.5627292295798
000000000000000000000000000000000000100000000000000000000000,0.0,250.8605824203334
000000000000000000000000000000000000000000000000100000000000,0.0144620975,250.88035225693346
000000000000000000000000000000000000100000000000000000000000,0.0,250.8605824203334
000000000000000000000000100000000000000000000000000000000000,0.0,258.5627292295798
000000000000000000000000000000000000100000000000000000000000,0.0,250.8605824203334
000000000000000000000000100000000000000000000000000000000000,0.0,258.5627292295798
000000000000100000000000000000000000000000000000000000000000,0.0144620975,259.2800180585232
100000000000000000000000000000000000000000000000000000000000,0.0144620975,259.2800180585232
000000000000100000000000000000000000000000000000000000000000,0.0144620975,259.2800180585232
000000000000000000000000000000000000000000000000000000000000,0.0,0.0
000000000000000000000000000000000000000000000000100000000000,0.0144620975,250.88035225693346
000000000000000000000000000000000000000000000000100000000000,0.0144620975,250.88035225693346
000000000000000000000000000000000000100000000000100000000000,0.0144620975,501.74093467726686
000000000000000000000000000000000000000000000000100000000000,0.0144620975,250.88035225693346
000000000000000000000000100000000000000000000000100000000000,0.0144620975,509.4430814865133
000000000000100000000000000000000000000000000000100000000000,0.0144620975,510.1603703154566
100000000000000000000000000000000000000000000000100000000000,0.0144620975,510.1603703154566
000000000000000000000000000000000000000000000000100000000000,0.0144620975,250.88035225693346
000000000000000000000000000000000000000000000000100000000000,0.0144620975,250.88035225693346
000000000000000000000000000000000000000000000000110000000000,0.05215720135,411.53819191200853
000000000000000000000000000000000000010000000000100000000000,0.0144620975,509.6081090189506
000000000000000000000000000000000000000000000000110000000000,0.05215720135,411.53819191200853
000000000000000000000000000000000000000000000000010000000000,0.02944290135,258.7511670871233
000000000000000000000000000000000000000000000000110000000000,0.05215720135,411.53819191200853
000000000000000000000000100000000000000000000000010000000000,0.02944290135,517.3138963167031
000000000000000000000000000000000000100000000000010000000000,0.02944290135,509.6117495074567
000000000000100000000000000000000000000000000000010000000000,0.040800051350000005,518.0311851456465
100000000000000000000000000000000000000000000000010000000000,0.040800051350000005,518.0311851456465
000000000000000000000000000000000000000000000000110000000000,0.05215720135,411.53819191200853
000000000000000000000000000000000000010000000000100000000000,0.0144620975,509.6081090189506
000000000000000000000000010000000000000000000000100000000000,0.0144620975,518.78314588167
000000000000010000000000000000000000000000000000100000000000,0.0368039,519.6353743942128
010000000000000000000000000000000000000000000000100000000000,0.0368039,519.6353743942128
000000000000000000000000000000000000000000000000110000000000,0.05215720135,411.53819191200853
000000000000000000000000000000000000000000000000110000000000,0.05215720135,411.53819191200853
000000000000000000000000000000000000010000000000110000000000,0.05215720135,670.2090061423687
000000000000000000000000010000000000000000000000110000000000,0.05215720135,679.3894619030154
000000000000010000000000000000000000000000000000110000000000,0.054125455,680.2432029722304
010000000000000000000000000000000000000000000000110000000000,0.054125455,680.2432029722304
000000000000010000000000000000000000000000000000110000000000,0.054125455,680.2432029722304
000000000000010000000000000000000000000000000000100000000000,0.0368039,519.6353743942128
000000000000010000000000000000000000000000000000110000000000,0.054125455,680.2432029722304
010000000000000000000000000000000000000000000000110000000000,0.054125455,680.2432029722304
010000000000000000000000000000000000000000000000111000000000,0.048999016456624425,2067.656731549879
010000000000000000000000000000000000001000000000110000000000,0.05489010625,1349.2287801904145
010000000000000000000000001000000000000000000000110000000000,0.05489010625,1358.26349416693
010000000000001000000000000000000000000000000000110000000000,0.05489010625,1363.6129586007507
011000000000000000000000000000000000000000000000110000000000,0.05489010625,1286.1392930687753
001000000000000000000000000000000000000000000000110000000000,0.052921852600000006,1094.9079475405288
001000000000000000000000000000000000010000000000110000000000,0.052921852600000006,1353.578761770889
001000000000000000000000010000000000000000000000110000000000,0.052921852600000006,1362.7592175315358
001000000000010000000000000000000000000000000000110000000000,0.05489010625,1363.6129586007507
001000000000000000000000000000000000010000000000110000000000,0.052921852600000006,1353.578761770889
001000000000000000000000000000000000000000000000110000000000,0.052921852600000006,1094.9079475405288
001000000000000000000000000000000000000000000000010000000000,0.0302075526,942.0640326014352
001000000000000000000000000000000000000000000000110000000000,0.052921852600000006,1094.9079475405288
001000000000000000000000000000000000000000000000110000000000,0.052921852600000006,1094.9079475405288
001000000000000000000000000000000000000000000000110000000000,0.052921852600000006,1094.9079475405288
001000000000000000000000000000000000000000000000110000000000,0.052921852600000006,1094.9079475405288
001000000000010000000000000000000000000000000000110000000000,0.05489010625,1363.6129586007507
001000000000000000000000010000000000000000000000110000000000,0.052921852600000006,1362.7592175315358
001000000000000000000000000000000000010000000000110000000000,0.052921852600000006,1353.578761770889
011000000000000000000000000000000000000000000000110000000000,0.05489010625,1286.1392930687753
010000000000000000000000000000000000000000000000110000000000,0.054125455,680.2432029722304
010000000000001000000000000000000000000000000000110000000000,0.05489010625,1363.6129586007507
010000000000000000000000000000000000001000000000110000000000,0.05489010625,1349.2287801904145
010000000000000000000000000000000000000000000000110000000000,0.054125455,680.2432029722304
010000000000000000000000000000000000000000000000111000000000,0.048999016456624425,2067.656731549879
010000000000000000000000000000000000001000000000111000000000,0.04997869715022099,2736.6423087680632
010000000000000000000000001000000000000000000000111000000000,0.04997869715022099,2623.726850819388
010000000000001000000000000000000000000000000000111000000000,0.04997869715022099,2629.0763152532086
011000000000000000000000000000000000000000000000111000000000,0.04997869715022099,2551.6026497212333
011000000000000000000000000000000000000000000000110000000000,0.05489010625,1286.1392930687753
011000000000001000000000000000000000000000000000110000000000,0.05567792875000001,1969.5090486972954
011000000000000000000000001000000000000000000000110000000000,0.05567792875000001,1964.1595842634747
010000000000000000000000001000000000000000000000110000000000,0.05489010625,1358.26349416693
010000000000000000000000001000000000001000000000110000000000,0.05567792875000001,1959.740853458918
010000000000001000000000000000000000001000000000110000000000,0.05567792875000001,1965.0903178927388
010000000000000000000000000000000000000000000000110000000000,0.054125455,680.2432029722304
010000000000000000000000000000000000000000000000110100000000,0.038135842532325666,1618.7414462909032
010000000000000000000000000000000000000100000000110000000000,0.054125455,1474.3439441880914
010000000000000000000000000100000000000000000000110000000000,0.054125455,1541.009209650811
010000000000000100000000000000000000000000000000110000000000,0.056158353833087926,1546.0928778432153
