config,science,cost
000000000000000000000000000000000000000000000000100000000000,0.0314321988375,431.63363893128997
000000000000000000000000000000000000000000000000100000000100,0.010111347835178423,1490.7036366637658
000000000000000001000000000000000000000000000000100000000000,0.08557626446250001,795.515639560989
000000000000000000000000000000000000000000000100100000000000,0.03520780678789083,1225.7923740100541
000000000000000000000000000000000000000000000000000000000000,0.0,0.0
100000000000000000000000000000000000000000000000000000000000,0.021025948837500003,431.63363893128997
100000000000000000010000000000000000000000000000000000000000,0.021025948837500003,699.5364325560265
000000000000100000000000000000000000000000000000000000000000,0.021025948837500003,427.82138109008554
100000000000100000000000000000000000000000000000000000000000,0.022341612412500003,859.4550200213755
000000000000100000000000000000000000000000000000000000100000,0.0354880463375,687.1013991486088
000000000000100010000000000000000000000000000000000000000000,0.021025948837500003,599.9930009706084
000000000000100000000000000000000010000000000000000000000000,0.0360113765375,1025.8034758011554
000000000000100000000000000000000000000001000000000000000000,0.07860407696249999,799.004053346514
000000000000100100000000000000000000000000000000000000000000,0.009610412913109097,1038.9592565732744
000000000000100000000000000000001000000000000000000000000000,0.023618580000000004,1096.7235980975206
000000000000100000000000000000000000000000000000001000000000,0.027109568967677765,1096.9493853779675
100000000000000000000000000000000000000000000000000000000000,0.021025948837500003,431.63363893128997
100000000000000000000000000000010000000000000000000000000000,0.021025948837500003,690.361395693307
100000000000000000000000001000000000000000000000000000000000,0.021025948837500003,1072.650525831711
100000000000000000001000000000000000000000000000000000000000,0.023618580000000004,1109.5766513286308
100000000000000000000000000000000000000000000001000000000000,0.0493589514053561,1449.7716696358002
100000000000000000000000000100000000000000000000000000000000,0.021025948837500003,871.6747776074733
100000010000000000000000000000000000000000000000000000000000,0.048690250087500005,608.5208736974487
100000000000000000000000000010000000000000000000000000000000,0.021025948837500003,642.9339748727582
100000000000000000001000000000000000000000000000000000000000,0.023618580000000004,1109.5766513286308
100000000010000000000000000000000000000000000000000000000000,0.021025948837500003,992.0355825192096
100000000000100000000000000000000000000000000000000000000000,0.022341612412500003,859.4550200213755
100000000000000000000000000000000000000000000000100000000000,0.0327478624125,863.2672778625799
000000000000100000000000000000000000000000000000000000000000,0.021025948837500003,427.82138109008554
000000000000100000000000000000000000000000000000000001000000,0.08243114883750001,793.6734588010568
000000000000100100000000000000000000000000000000000000000000,0.009610412913109097,1038.9592565732744
000000000000100000000000000000000000100000000000000000000000,0.022341612412500003,803.1098425846658
100000000000100000000000000000000000000000000000000000000000,0.022341612412500003,859.4550200213755
000000000000100000000010000000000000000000000000000000000000,0.021025948837500003,980.2832930143891
000000000000100000000000000000000000000000100000000000000000,0.0354880463375,678.7017333470191
000000000000100010000000000000000000000000000000000000000000,0.021025948837500003,599.9930009706084
000000000000100000000000000000000000000000000001000000000000,0.0493589514053561,1445.9533303812054
000000000000100000000000000000000000000000000001000100000000,0.08562794766926983,1894.3616937467955
000000000000100000000000000000000100000000000001000000000000,0.0493589514053561,2240.0540715970665
000000000000100000100000000000000000000000000001000000000000,0.0493589514053561,1605.440626699307
000000000000100000000000000000000000000000010001000000000000,0.056716167477866265,1727.4076888707245
100000000000100000000000000000000000000000000001000000000000,0.0506746149803561,1877.5096905151368
000000000000100000000000000000000000000000000001000100000000,0.08562794766926983,1894.3616937467955
000000000000100000000000000000000000000000000001010100000000,0.09173969927367376,2013.6250630470354
000000000000100000000000000000000000000000000011000100000000,0.09035693512989237,2791.754793868457
000000001000100000000000000000000000000000000001000100000000,0.08822057883176983,2577.7314493753156
000100000000100000000000000000000000000000000001000100000000,0.08891207654298473,2342.7700571123855
000000000000100000000000000000000000000000000001010100000000,0.09173969927367376,2013.6250630470354
000000000000100000000000001000000000000000000001010100000000,0.09173969927367376,2654.719228744815
000000000000100000000000000000000000000000000001010100001000,0.08754208524641753,3078.0998328434616
000000000000100000000000000000000000000000000000010100000000,0.0776568748351893,995.6104227185635
000000000000100000000000000000000000000000000000010100000000,0.0776568748351893,995.6104227185635
000000000000100000000000000000000000000000000001010100000000,0.09173969927367376,2013.6250630470354
000000000000100000000000000000000000000000000001010100000000,0.09173969927367376,2013.6250630470354
000000000000100000000000000000000000000000000000010100000000,0.0776568748351893,995.6104227185635
000000000000100000000000000000000000000000000000010100000000,0.0776568748351893,995.6104227185635
000000000000100000000000000000000000000000000001010100000000,0.09173969927367376,2013.6250630470354
000000000000100000000000000000000000000000000000010100000000,0.0776568748351893,995.6104227185635
000000000000100000000000000000000000000000000001010100000000,0.09173969927367376,2013.6250630470354
000000000000100000000000000000000000000000000000010100000000,0.0776568748351893,995.6104227185635
000000000000100000000000000000000000000000000001010100000000,0.09173969927367376,2013.6250630470354
000000000000100000000000000000000000000000000000010100000000,0.0776568748351893,995.6104227185635
000000000000100000000000000000000000000000000001010100000000,0.09173969927367376,2013.6250630470354
000000000000100000000000000000000000000000000000010100000000,0.0776568748351893,995.6104227185635
000000000000100000000000000000000000000000000001010100000000,0.09173969927367376,2013.6250630470354
000000000000100000000000000000000000000000000000010100000000,0.0776568748351893,995.6104227185635
000000000000100000000000000000000000000000000001010100000000,0.09173969927367376,2013.6250630470354
000000000000100000000000000000000000000000000001010100000000,0.09173969927367376,2013.6250630470354
000000000010100000000000000000000000000000000001010100000000,0.09373777494867376,2643.630051416314
000000000010100000000000000000000000000000000000010100000000,0.0796549505101893,1625.4147419144447
000000000010100000000000000000000000000000000001010100000000,0.09373777494867376,2643.630051416314
000000000010100000000000000000000000000000000000010100000000,0.0796549505101893,1625.4147419144447
000000000010100000000000000000000000000000000001010100000000,0.09373777494867376,2643.630051416314
000000000010100000000000000000000000000000000001010100000000,0.09373777494867376,2643.630051416314
000000000010100000000000000000000000000000000000010100000000,0.0796549505101893,1625.4147419144447
000000000010100000000000000000000000000000000001010100000000,0.09373777494867376,2643.630051416314
000000000010100000000000000000000000000000000000010100000000,0.0796549505101893,1625.4147419144447
000000000010100000000000000000000000000000000000010100000000,0.0796549505101893,1625.4147419144447
000000000010100000000000000000000000000000000001010100000000,0.09373777494867376,2643.630051416314
000000000010100000000000000000000000000000000001010100000000,0.09373777494867376,2643.630051416314
000000000010000000000000000000000000000000000001010100000000,0.07731668023850374,2215.8920305369775
000000000010100000000000000000000000000000000001010000000000,0.0637838102053561,2243.2647450447403
000000000010100000000000000000000000000000000001010100000000,0.09373777494867376,2643.630051416314
000000000010100000000000000000000000000000000001010100000000,0.09373777494867376,2643.630051416314
000000000010100000000000000000100000000000000001010100000000,0.09373777494867376,2894.4295429250915
000000000010100000000000000001000000000000000001010100000000,0.14289795724410756,3014.8435945409374
000000000010100000000000000000000000000001000001010100000000,0.10923259537276198,3107.9912548704615
000000000010100000000000000000000000000000000000010100000000,0.0796549505101893,1625.4147419144447
000000000010100000000000000000000000000000000001010100000000,0.09373777494867376,2643.630051416314
000000000010101000000000000000000000000000000001010100000000,0.08777204845559985,3491.4538515227905
000000000010100000000000000000000001000000000001010100000000,0.10049558766110858,3661.662477204637
000000000010100000000000000000000000000000000000010100000000,0.0796549505101893,1625.4147419144447
000000000010100000010000000000000000000000000001010100000000,0.09373777494867376,2814.0852988590896
000000000010100000000000000000000000000000000001010100000000,0.09373777494867376,2643.630051416314
000000000010100000000000000000000000000001000001010100000000,0.10923259537276198,3107.9912548704615
