config,science,cost
000000000000000000000000000000000000000000000000001010000000,0.01883799385201701,2133.5766140510223
101000000000100000000001000000000000000110100000000000000010,0.10977539666521574,3875.5800204029374
100000000010000010000100000000000000000000101000000001000000,0.08743424664337096,4051.9548922988215
000000000000000000000100000010000000010000000000000000000000,0.046922313256620996,1331.259253113862
000000000010000100000000000010000000000000000000000001000000,0.04108770250327398,2761.9653067390286
000000000000000100000001000000000000001000000001000000000010,0.08369859345816366,2479.1042076862423
000000100000000000000000000000000000000000000000001001000000,0.056968537040468226,2472.0057006104107
000000100000000000000000000000000000000000000010000000000000,0.031432198837500036,642.9339748727582
011000010000000001000000000000100000000000000000001000000001,0.13439513590283558,3257.0607349364477
000000000000000000000000000000000000100000000000100000000000,0.014462097500000048,501.74093467726686
000000000100010000000000000000000001000100010000100001100001,0.14631996884568044,4264.034855812052
000000000000000000000000110000000110000001000000100000000000,0.04895242794518606,2627.512938468191
001001000000001000000110011010010001000011000000010000000000,0.13142509522501422,9055.244329166337
000000000100000000000000000000000000100000000000000000000000,0.050684089697410006,699.3291520215748
010000001000001000100000001000000001000000000000010000001000,0.14032774253270586,3910.5688568391274
000000000000000000001000000000000000000000000000000010000000,0.021069047830177712,1267.4286577209855
110000000000011000000110011010010001000000000000010000001000,0.14107933203183087,6695.479750611677
001000000001000000001000000000000000000000100000000000000000,0.09211472513017771,2041.7933794537557
000000000000000000000000010000000000000000000010000000000000,0.0,479.2288847298342
000000010100000000000000100000100000000000000001100000000010,0.1580010323592509,1887.0734194425781
000000010000000000001000000000000000000000000000000010000000,0.030000403554785948,1434.7350840152417
000000001000000000001000000000000000000000011000010000000000,0.05169276687300861,2357.222213448881
110000000000011000000110011010000001000000000000110000001000,0.13610490930389196,6837.114891411771
001000000001000000001000000000000000000000100100000000000000,0.08101786137458522,2641.6670096054004
010000010000000001000000000000100000000000000000001000000000,0.08527236245440828,2448.5490716202307
000100100000001000100001001000000001000000000000000000000000,0.09420707855369115,3772.3025496247583
000000010000000000001000000000000000000000000000000010001000,0.060637262886525156,2384.3769992372045
000000000000000000000100000010000001000000000000001000010001,0.1381298758648407,2323.6054365606024
011000010000000001000000000000100000000000000000000110000000,0.09920730774169517,4085.446803905003
001000000001000000000000000000000000000000000000010000011000,0.12048232497082845,1997.6746557263255
101000000000000000000000000000010011000000011000010000000000,0.107065918225,2491.4518965564444
000000000000000000000100000010001000010000000000000000000000,0.046922313256620996,2325.7545586234232
000000000000000000000000000000000000100000000100010000000000,0.02944290135000005,978.1058319901916
010010001000001000100000001000000001000000000000010000000010,0.13573911877026046,4323.095439486691
000000000000001000000000000000000000000000000000000010000000,0.017279381449999964,1281.587048850875
001000000001000000000000000000001010000000000001000001101001,0.10458667388866771,4677.170133461872
010000000100000000000010000000000000000000000010000000100001,0.11797465478042313,1904.4116398395543
000000000000000000000000000010000000000000000010000000100001,0.07910773946249994,1508.827652662976
000000000000000000000000000010000100000000000010000000100001,0.07910773946249994,2267.4070549962953
000000000000000000001000000000000000000000000000010000000000,0.035526521480177764,927.9056414715458
000000001000100000100010000001100101000001000000000001000110,0.1758359543492094,6112.880979247564
000000000000000001000000000000100000100000000000001000000000,0.04794630125440835,2356.9670074646483
000000000000000000000000000000000000100000000000100000000001,0.07254388812500001,763.5570024661089
000000000000000000000000010000000000000100000000001000100011,0.09909302059588132,3526.3137660204525
110000000000011000000111011010010001000000000000010000000000,0.10945290320917123,6546.827986388367
000000000100000000000000000000000000100000000100000000000000,0.050684089697410006,1167.819918382867
000000000000000000000000000000000000100000000000000000000001,0.05757812812499996,622.0655239759557
000000000000000000010011000100000010000000100010000000100001,0.09627455923749995,2945.8132148031873
100000000010000010000100000010000001000000000000011000010001,0.15439516067367853,4775.508376526758
000000000100000000000000000000000000100000000010000000000000,0.050684089697410006,809.2479826791515
010010001000001000100000000000000001000000000000010000000011,0.1356403197497833,4477.443804499527
000000000100000000000000000000000000000000000000010010000000,0.07957361616890524,1841.263471644539
000000000100000000001000000000000000100000000000000000000001,0.10584960390357911,1739.6852518401768
000000000100010000000000000000000001000100010000110001100001,0.14881228137622315,4547.339087552501
101000000000000000000001100000000000000000000000100000000000,0.08225726687500001,1738.3121216986037
000000000100000000010000000000000000000000000000000000000000,0.06155839907241001,615.771511426611
010000000100000000000010000000000000000000000110000000100000,0.06808222353893945,2052.230638003163
000000100000000000000000000000000000000001100000000000000000,0.060616389528424075,1952.2696510639626
000000000000000000000101001000000100000000000010000000000001,0.09424539747034055,2953.8841202709227
000000000100010000000000000000110001000011000000010000000000,0.15991867655876735,3658.827113099561
000000000000000000000100000010000001000001000000000001000110,0.1358427739401875,3817.9078636632244
000000100100000000000000000000000000100000000010000000000000,0.06428298736535942,1408.2418140419818
110000000000011000000110011010010001000000000000010000010010,0.1682927850497573,6193.845821397966
001000000001000000000000000000000000000010000100000000000000,0.07244091000001496,2303.665634885158
010000000100000000000010000000000001000000000010000000100001,0.12006607978042316,2239.457894737522
010000001000001000100000001000000001000000000000010000001010,0.14348389007935491,4090.49498111983
100000000011000010000100000000000100000000000000100000000000,0.10906325677752526,2804.9742708310996
100000000010000010000100000010000001000001000000011000000110,0.1615441253978307,5694.023187873274
101000000000000000000001000000000000000000000000100001000110,0.11212397085929326,2940.897840389076
001000000000000000000000000010000001000000000000011000010001,0.11337913965300461,3508.474451153401
000000000100000000001000000000000001100000000000000000000001,0.10742210390357909,2074.2692990036917
000000000000000000000000010000000000000000000010000000000000,0.0,479.2288847298342
000000000000000000000000000000000000100000000000000000001001,0.06370916888763345,1354.0450588481158
001000000000000010000100000010000001000001000000011000000110,0.14425611571661956,6010.330388031677
000000000100000000001000000000000000100000001000000000001001,0.12972033322905752,3135.709551060122
100000000011000010000100000010000001000001000000011000000110,0.17011374798511691,5971.174596309803
100000000010000010000100000010000001000001000000011010000010,0.17005565985503812,6268.150144425328
000001000000000000000000000000000000000000000100000000000000,0.0429423729933468,1449.277592149044
000000000001000000001000000000000000100000000000000000000001,0.07063382013017772,1627.8370941327642
100000001010000000000010000000000000000000000010000000100001,0.11081466491906822,2412.0985072377207
000000100000000010000000000000000000000000000000000000011000,0.08806869707988185,1821.7499930657445
000000000101000000001000000000000000100000000000000000000000,0.06962548220117915,1840.510363769206
000000010100000000001000010000000000000000000000000000000000,0.05938188051203652,1504.7343671554677
000000000000010000000000000000000001000100011000110001100001,0.1134769147695951,4518.275591401516
000000000000000000000000000000000000000000000001000000000000,0.05757812812499996,371.2135431246241
000000000100000000000000000000010001000000000000001000010000,0.13592649072565133,1618.6405348728567
000000000000000000000100001010000001000000000000000000001000,0.12637474100111945,3819.185452485677
000000010100000000000000000000010000000000000000000000000000,0.05507845224768926,734.824803462099
010000000100010000100000000000000001000100010000100001100001,0.15722190745831388,4855.380451984813
000000000100010000000000000010000010000000000010000000100001,0.14347235746416898,2403.0519366445883
000000000100000000000100000010000001000001000000011000000110,0.14597500484996417,4761.511779662208
000000000000000000010100000010000001000000000000001000010001,0.14142917263430732,2442.868805860842
000000000000000000000001000000000000100000000010000000100001,0.08119916446249997,1371.1319951124283
000100000100010000000000000000000001000100010000101000100011,0.1426051835165315,5366.709473079448
000000000100000010000000000000000000000000000100000000000000,0.050684089697410006,1518.3863972018958
