config,science,cost
000000000000000000000000000000000000000000000000100000000000,0.0144620975,250.88035225693346
000000000000000000000000000000000000100000000000000000000000,0.0,250.8605824203334
000000000000000000000000100000000000000000000000000000000000,0.0,258.5627292295798
000000000000100000000000000000000000000000000000000000000000,0.0144620975,259.2800180585232
100000000000000000000000000000000000000000000000000000000000,0.0144620975,259.2800180585232
000000000000100000000000000000000000000000000000000000000000,0.0144620975,259.2800180585232
010000000000100000000000000000000000000000000000000000000000,0.0368039,528.0350401958026
000000000000110000000000000000000000000000000000000000000000,0.048161050000000004,443.7246496547539
000000000000100000000000010000000000000000000000000000000000,0.0144620975,527.1828116832597
000000000000100000000000000000000000010000000000000000000000,0.0144620975,518.0077748205404
000000000000100000000000000000000000000000000000010000000000,0.040800051350000005,518.0311851456465
000000000000110000000000000000000000000000000000000000000000,0.048161050000000004,443.7246496547539
001000000000110000000000000000000000000000000000000000000000,0.04892570125000001,1127.0944052832742
000000000000111000000000000000000000000000000000000000000000,0.038236676283312516,1871.8188203037812
000000000000110000000000001000000000000000000000000000000000,0.04892570125000001,1121.7449408494535
000000000000110000000000000000000000001000000000000000000000,0.04892570125000001,1112.7102268729382
000000000000110000000000000000000000000000000000001000000000,0.04892570125000001,1112.8495980492708
000000000000110000000000000000000000000000000000000000000000,0.048161050000000004,443.7246496547539
000100000000110000000000000000000000000000000000000000000000,0.051846999525120445,1309.574324525739
000000000000110100000000000000000000000000000000000000000000,0.009483372672923264,1489.904820472551
000000000000110000000000000100000000000000000000000000000000,0.048161050000000004,1304.4906563333348
000000000000110000000000000000000000000100000000000000000000,0.048161050000000004,1237.825390870615
000000000000110000000000000000000000000000000000000100000000,0.05193665795039083,1237.9606635308771
000000000000110000000000000000000000000000000000000000000000,0.048161050000000004,443.7246496547539
000000000000110000000000000000000000000000000000000100000000,0.05193665795039083,1237.9606635308771
000000000000110000000000000000000000000000000000000110000000,0.059725905783723277,2151.137733292586
000000000000110000000000000000000000000010000000000100000000,0.06889033930039083,1836.0261184526962
000000000000110000000000000010000000000000000000000100000000,0.05390491160039083,1862.1407390487889
000000000000110010000000000000000000000000000000000100000000,0.03625628804599989,2572.7842122909924
000010000000110000000000000000000000000000000000000100000000,0.05593280930039083,1867.9656519001555
000000000000110000000000000010000000000000000000000100000000,0.05390491160039083,1862.1407390487889
000000000000110000000000000000000000000010000000000100000000,0.06889033930039083,1836.0261184526962
000000000000110000000000000000000000000010000000000000000000,0.06511473135000001,1041.790104576573
000000000000110000000000000000000000000010000000000100000000,0.06889033930039083,1836.0261184526962
000000000000110000000000000001000000000010000000000100000000,0.10314747931643764,2838.3540108104744
000000000000110001000000000000000000000010000000000100000000,0.05842035019051142,3040.990245608505
000001000000110000000000000000000000000010000000000100000000,0.11183271229373766,2845.330665134713
000001000000110000000000000000100000000010000000000100000000,0.12394349425952805,3273.0686860140495
000001000000110000100000000000000000000010000000000100000000,0.12692569675952806,3186.0646192099566
000001100000110000000000000000000000000010000000000100000000,0.11827813661880858,3491.246566984495
000001000000110000000000000000000000000010100000000100000000,0.12394349425952805,3183.2027289494495
000001000000110000000000000000000000000010000000000100100000,0.11305360425865961,3413.7308145151246
000001000000110000000000000000000000000010000000000100000000,0.11183271229373766,2845.330665134713
001001000000110000000000000000000000000010000000000100000000,0.10545306111836031,3924.2458294445923
000001000000111000000000000000000000000010000000000100000000,0.10190833857705017,4273.4248357837405
000001000000110000000000001000000000000010000000000100000000,0.11259736354373767,3523.350956329413
000001000000110000000000000000000000001010000000000100000000,0.11454419739019525,4380.20109831999
000001000000110000000000000000000000000010000000001100000000,0.11171699378834804,3884.6780900782733
000001000000110000000000000000000000000010000000000100000000,0.11183271229373766,2845.330665134713
000001000000110000000000000000000000000010000000000100010000,0.11696513341544505,2964.614813499231
000001000000110000000000000000000000000010010000000100000000,0.11183271229373766,2918.892414291603
000001000000110000000000000000010000000010000000000100000000,0.11183271229373766,3012.3695126559514
000001000000110000000000000000000000000010010000000100000000,0.11183271229373766,2918.892414291603
000001000000110000000000000000000000000010000000000100010000,0.11696513341544505,2964.614813499231
000001000000110000000000000000000000000010000000000100000000,0.11183271229373766,2845.330665134713
000001000000110000100000000000000000000010000000000100000000,0.12692569675952806,3186.0646192099566
000001000000110000100000000000010000000010000000000100000000,0.12692569675952806,3353.103466731195
000001000000110000100000000000000000000010010000000100000000,0.12692569675952806,3259.6263683668467
000001000000110000100000000000000000000010000000000100000000,0.12692569675952806,3186.0646192099566
000001000000110000100000000000000000000010000000000100001000,0.13377353922972052,3617.8861133193095
000001000000110000100000000000000000000010001000000100000000,0.12226749007739465,4135.474009833856
000001000000110000100000000000001000000010000000000100000000,0.12692569675952806,3852.9349954550116
000001000000110000101000000000000000000010000000000100000000,0.09251483317080672,4318.016049723568
000001001000110000100000000000000000000010000000000100000000,0.11544240186294429,3682.6749571158834
000001000000110000100000000000000000000010001000000100000000,0.12226749007739465,4135.474009833856
000001000000110000100000000000000000000010000000000100000000,0.12692569675952806,3186.0646192099566
000001000000110000100000000000000000000010000000000100001000,0.13377353922972052,3617.8861133193095
000001000000110000100000000000000000000010000000000100000000,0.12692569675952806,3186.0646192099566
000001000000110000100000000000000000000010000000000100001000,0.13377353922972052,3617.8861133193095
000001000000110000100000000000000000000010000000000100001100,0.14083992243201476,3859.54148264426
000001000000110000100000000000000000000010000100000100001000,0.12784092254968518,4363.520502062083
000001000000110000100000000000000100000010000000000100001000,0.13377353922972052,4065.5615315288624
000001000000110000100100000000000000000010000000000100001000,0.11141930903733238,4511.19464018968
000001000100110000100000000000000000000010000000000100001000,0.1304680285211492,3879.900416420048
000001000000110000100000000000000000000010000000000100001100,0.14083992243201476,3859.54148264426
000001000000110000100000000000000000000010000000000100001110,0.1425317066759783,4045.9216971333262
000001000000110000100000000000000000000010000010000100001100,0.14083992243201476,3987.383512160325
000001000000110000100000000000000010000010000000000100001100,0.14083992243201476,4109.824760819173
000001000000110000100010000000000000000010000000000100001100,0.14254458380792195,4838.349390492633
000001000010110000100000000000000000000010000000000100001100,0.1396383473855375,4177.738452109432
000001000000110000100000000000000000000010000000000100001100,0.14083992243201476,3859.54148264426
000001000000110000100000000000000000000010000000000100001110,0.1425317066759783,4045.9216971333262
000001000000110000100000000000000000000010000000000100001110,0.1425317066759783,4045.9216971333262
000001000000110000100000000000000000000010000001000100001110,0.1906836472939305,5029.884991204188
000001000000110000100000000000000001000010000000000100001110,0.1894242351650628,4409.880976560385
000001000000110000100001000000000000000010000000000100001110,0.16339526710821833,5186.932786500145
000001000000110000100001000000000001000010000000000100001110,0.18001735087676296,5550.8920659272035
000001000000110000100000000000000001000010000000000100001110,0.1894242351650628,4409.880976560385
000001000000110000100001000000000000000010000000000100001110,0.16339526710821833,5186.932786500145
000001000000110000100001000000000000000010000001000100001110,0.17744172971781214,6118.2950129634555
000001000000110000100000000000000000000010000001000100001110,0.1906836472939305,5029.884991204188
000001000000110000100000000000000000000010000001000100011110,0.1928495181294255,5136.913755192934
000001000000110000100000000000000000000010010001000100001110,0.18922079150414045,5136.809961426283
000001000000110000100000000000010000000010000001000100001110,0.1906836472939305,5196.923838725426
000001000000110000110000000000000000000010000001000100001110,0.20498392207362437,5096.502245804021
