config,science,cost
100000000000000000000000000000000000000000000000000000000000,0.021025948837500003,431.63363893128997
100000000000000000000000000000000001000000000000000000000000,0.0493589514053561,1449.5887859222548
100000000000000000000000001000000000000000000000000000000000,0.021025948837500003,1072.650525831711
100000010000000000000000000000000000000000000000000000000000,0.048690250087500005,608.5208736974487
100000000000000000000000000000000000000100000000000000000000,0.06752852205557114,871.695323412976
100000000000000000000000000000000000000000000001000000000000,0.0493589514053561,1449.7716696358002
000000000000000000000000000000000000000000000000000000000000,0.0,0.0
100000000000000000000000000000000000000000000000001000000000,0.027109568967677765,1100.767724632562
100000000000000000000000000000000000001000000000000000000000,0.05904076913885316,1072.7135259543722
000000000000000000000000000000000000000100000000000000000000,0.04650257321807113,440.06168448168603
100000000000000000000000000000000000000100000000000000000000,0.06752852205557114,871.695323412976
100000000000000000000000000000001000000100000000000000000000,0.07012115321807114,1540.5355786243958
100000000000000000000000010000000000000100000000000000000000,0.06752852205557114,1035.9835790635375
100000000000000000000000001000000000000100000000000000000000,0.06752852205557114,1512.6441671039918
100000000000000000000010000000000000000100000000000000000000,0.06752852205557114,1495.7300769241235
100000000000000000000010000000000000000100000000000000000000,0.06752852205557114,1495.7300769241235
100000000000000000000000000000000000000101000000000000000000,0.07954132547162336,1346.0552929354558
100000000000000000000000000000100000000100000000000000000000,0.06752852205557114,1122.5559058333092
100000000000000000000000000000000000000101000000000000000000,0.07954132547162336,1346.0552929354558
100000000000000000000000000000000000000100000000000001000000,0.12072642264855937,1237.485439327932
100000000010000000000000000000000000000100000000000000000000,0.06752852205557114,1432.0292237914903
100000000000000000000000000000000000000100000000000010000000,0.06809684393057114,1125.2702482544742
100000000000000000000000000000001000000100000000000000000000,0.07012115321807114,1540.5355786243958
100000000000000000000000000000000000000100000000000000100000,0.08199061955557113,1130.9753414714992
100000000000000000000000000000000000000100000000000001000000,0.12072642264855937,1237.485439327932
100000010000000000000000000000000000000100000000000001000000,0.14218764445267956,1414.4499528914498
101000000000000000000000000000000000000100000000000001000000,0.1211061337494084,2092.3443587957945
100000000000000000000000000000000001000100000000000001000000,0.13539691965894604,2255.517865116256
100000000000000000000000100000000000000100000000000001000000,0.12204208622355937,1612.5766777680421
100000000000000000000000000000000000000100000000010001000000,0.13416053077355938,1301.8508715494602
100000000000000000000000000000000000000100001000000001000000,0.11607564768281577,2270.5020687621154
100000010000000000000000000000000000000100000000000001000000,0.14218764445267956,1414.4499528914498
100000011000000000000000000000000000000100000000000001000000,0.14243997936517958,2035.1741192871586
100000010000000000000000000000000000000110000000000001000000,0.14570380133780206,1594.4115153304576
100000010001000000000000000000000000000100000000000001000000,0.1206506412013673,2780.3630832364834
110000010000000000000000000000000000000100000000000001000000,0.15539995382767957,1480.8682090825498
100000010000000010000000000000000000000100000000000001000000,0.14218764445267956,1664.7332310663624
100000010000000000000000000000000000000100000000000011000000,0.14275596632767956,1598.3606854106351
100000010000000000000000100000000000000100000000000001000000,0.14271548552767957,1789.5411913315597
100000010000000000000000000000000000000100010000000001000000,0.14108677627522262,1708.96882952108
100000000000000000000000000000000000000100000000000001000000,0.12072642264855937,1237.485439327932
100000010000000000000000000000000000000100000000000001000000,0.14218764445267956,1414.4499528914498
110000000000000000000000000000000000000100000000000001000000,0.13315320577355938,1303.8069748047387
110000010000000000000000000000000000000100000000000001000000,0.15539995382767957,1480.8682090825498
110000010000000000000000000000000000000100000000000001000000,0.15539995382767957,1480.8682090825498
110000010000000000000000001000000000000100000000000001000000,0.15539995382767957,2121.96237478033
110000010000100000000000000000000000000100000000000001000000,0.15592779490267958,1908.6062299618861
110000010000000000000100000000000000000100000000000001000000,0.15539995382767957,2341.6342157611307
110000010000000000000000000000000000000100000000000101000000,0.12944345686377878,2035.4322789226262
110000010000000000000000000000000000000100000000000001100000,0.16776442882767958,1642.1214202748279
110000010000000000000001000000000000000100000000000001000000,0.16885951439452793,2483.1961014403278
110001010000000000000000000000000000000100000000000001000000,0.16059012882767956,1775.3809765376725
110000010000000000000000000000000000000100000000000001100000,0.16776442882767958,1642.1214202748279
110000010000000000000000001000000000000100000000000001100000,0.16776442882767958,2283.215585972608
110000010010000000000000000000000000000100000000000001100000,0.15596669938099944,3217.2432312433466
110000010100000000000000000000000000000100000000000001100000,0.12914428168113942,2919.5727408415432
110000010000000000000000000100000000000100000000000001100000,0.16776442882767958,2082.094465741855
110000010000000000100000000000000000000100000000000001100000,0.16776442882767958,1900.6267927709096
110000011000000000000000000000000000000100000000000001100000,0.1680167637401796,2264.813592839599
100000010000000000000000000000001000000100000000000001100000,0.15559227686517957,2244.6887413019117
110000010000000000000000000000001000000100000000000001100000,0.16880458624017958,2311.106997493012
110000010000000000000000000000000000000100000000000001100000,0.16776442882767958,1642.1214202748279
110000010000000000000000000000010000000100000000000001100000,0.16776442882767958,1900.792234505188
110000010000000000000000000000000000000100000000000001101000,0.1728885126146511,3153.9358113161998
110000010000000000000000000000000000001100000000000001101000,0.1731657711793037,3597.596300341267
110000010000000000000000000000000000000100000000000001100000,0.16776442882767958,1642.1214202748279
110000010000000000000000000000000000000100000000000001100100,0.11795710220274036,2777.975205232466
111000010000000000000000000000000000000100000000000001100100,0.09086628712440384,3846.998537923845
110000010000000000000000000000000000000100000000000001100000,0.16776442882767958,1642.1214202748279
110000010000000000000000000000000000000100000000000001100010,0.15325723818670747,3062.416150507809
110000010000000000000000000000000100000100000000000001100010,0.15325723818670747,3856.5168917236697
110000010000000000000000000000000000000100000000000001100000,0.16776442882767958,1642.1214202748279
110000010000000000000000000000000000000100000000000001100100,0.11795710220274036,2777.975205232466
110000010000000000000010000000000000000100000000000001100000,0.1697326824776796,2266.30149579274
110000010000001000000000000000000000000100000000000001100000,0.16776442882767958,2308.9917965198833
110000010100001000000000000000000000000100000000000001100000,0.12914428168113942,3586.4431170865987
110000010000000000000000000000000000000100000000000001100000,0.16776442882767958,1642.1214202748279
110000010000000000000000001000000000000100000000000001100000,0.16776442882767958,2283.215585972608
110000010100000000000000001000000000000100000000000001100000,0.12914428168113942,3560.6669065393235
110000010000000000000000000000000000000100000000000001100000,0.16776442882767958,1642.1214202748279
111000010000000000000000000000000000000100000000000001100000,0.14133747763617424,2711.1447529662073
110000010000000000000000000000000000000100000000000001100001,0.1381986535004095,2918.17510862694
110000010000000000000000000000000000000100000000000011100001,0.13543407585214895,3244.961344493575
110000010000000000000000000000000000000100000001000001100000,0.15417135234642476,2453.981034143084
110010010000000000000000000000000000000100000001000001100000,0.15530799609642476,2652.534809191083
110000010000000000000000000000000000000100000000000001100000,0.16776442882767958,1642.1214202748279
110000010000000000000000000000000001000100000000000001100000,0.18243492583806623,2660.153846063152
110000010000000100000000000000000001000100000000000001100000,0.18243492583806623,3107.8292642727047
111000010000000000000000000000000001000100000000000001100000,0.1560079746465609,3729.1771787545313
110000010000000000000001000000000001000100000000000001100000,0.18833885371217735,3562.2238218776447
110000010000000000000000000000000000000100000000000001100000,0.16776442882767958,1642.1214202748279
110000010000000000000001000000000000000100000000000001100000,0.1812239893945279,2644.449312632606
110000010000000000000001000000000000100100000000000001100000,0.18137728903758538,3148.0383569815504
110000010000000000000000000000000000000100000000000001100000,0.16776442882767958,1642.1214202748279
110000010001000000000000000000000000000100000000000001100000,0.1393185716107071,3074.6506023358206
