config,science,cost
100000000000000000000000000000000000000000000000000000000000,0.021025948837500003,431.63363893128997
100000000000000000000000010000000000000000000000000000000000,0.021025948837500003,595.9218945818515
100000001000000000000000000000000000000000000000000000000000,0.025025137500000003,1042.4627814326127
100000000000000000000000000000000000000010000000000000000000,0.039359929546875005,643.0250111444603
100000000000000000000000000000000000000000000000010000000000,0.0334527319625,598.9365807566595
100010000000000000000000000000000000000000000000000000000000,0.022162592587500002,608.8216651037712
110000000000000000000000000000000000000000000000000000000000,0.0334527319625,497.8778956107376
110000000000000000000000000000000000000000000100000000000000,0.03722833991289083,1292.1139094868608
110000000000000000000000000010000000000000000000000000000000,0.0334527319625,709.2555103495648
110000000000000000000000000000000000000000000000001000000000,0.0366092716172859,1167.0892601093688
110000010000000000000000000000000000000000000000000000000000,0.061902559462500006,674.9391298885487
110000011000000000000000000000000000000000000000000000000000,0.062154894375000005,1297.6313024533201
110000010010000000000000000000000000000000000000000000000000,0.05010483001581989,2250.0609408570676
110000010000000000000000000000000000000000000000100000000000,0.0728366505375,1106.4954900224798
110010010000000000000000000000000000000000000000000000000000,0.0630392032125,873.4929049365473
110000010000000000000000000000000000000000000000001000000000,0.06505909911728591,1344.1504943871796
110000010000000000000000000000000000000000000000000001000000,0.12330775946250001,1040.8745678102691
110000010000000000000000000000010000000000000000000000000000,0.061902559462500006,933.6099441189087
110000010000000000001000000000000000000000000000000000000000,0.062942716875,1352.9594210832483
110000010000000000000000000000000000000000000000000000000010,0.06589871081250001,1304.944118257827
110000010000000100000000000000000000000000000000000000000010,0.06589871081250001,1752.61953646738
110000010000000000000000000000000000001000000000000000000010,0.10279607323599972,1946.1012840782687
110000010000000000000000000000000000000000000000000000100010,0.07660526608311141,2136.987716600739
110000010000000000000000010000000000000000000000000000100010,0.07660526608311141,2301.276063169072
100000010000000000000000000000000000000000000000000000100010,0.0633929567081114,2070.569460409639
110000010000000000000000000000000000000000000000000000100011,0.09231307180117172,2979.4370127546963
110010010000000000000000000000000000000000000000000000100010,0.07973998550811141,2335.5414916487375
110000010000000000000000000000000000000100000000000000100010,0.11788888668030273,2576.9813578730195
110000010100000000000000000000000000000000000000000000100010,0.03179270465154804,3414.4390371674544
110000010000000000000000000000010000000000000000000000100010,0.07660526608311141,2395.658530831099
010000010000000000000000000000000000000000000000000000100010,0.05617313292256099,1804.4301423765505
110000010000000000000000000000000000000000000000000000100010,0.07660526608311141,2136.987716600739
110000010000000000000001000000000000000000000000000000100010,0.10443847293679138,3139.3156089585173
110000010000000000000000000000000000000000000000000000000000,0.061902559462500006,674.9391298885487
110000010000000000000000000000000000000000000000000000000010,0.06589871081250001,1304.944118257827
110000010000000000000000000000000000000000000000000001000000,0.12330775946250001,1040.8745678102691
110000010000000000000000000000010000000000000000000001000000,0.12330775946250001,1299.5453820406292
110000010000000000000000000000000000000000000000000001100000,0.1356722344625,1202.127779002547
110000010000000000000000000000000000000000000000000011100000,0.1362405563375,1386.4603127095565
110000010000000000010000000000000000000000000000000001100000,0.1356722344625,1469.979048993554
110000010000000000000000000000000000000000000000000001000010,0.1273039108125,1583.6699174249816
110000010000000000000000000000000000000000000000000001100010,0.11888444538298411,2622.422509235528
110000010000000000000000000000000000000000000000000001100110,0.08028047575132174,3317.9069863475606
110000010000000000000000000000000000000000010000000001100010,0.1208526990329841,2881.116786208443
110000010000010000000000000000000000000000000000000001100010,0.11888444538298411,2789.461356756767
110000010000000000000010000000000000000000000000000001100010,0.1318419753829841,3246.60258475344
110000010000000000000000000000000000000000000000000001100000,0.1356722344625,1202.127779002547
110000010000000000000000000000000000000000000000000001100010,0.11888444538298411,2622.422509235528
110000010000000100000000000000000000000000000000000001100010,0.11888444538298411,3070.097927445081
110000010000000000010000000000000000000000000000000001100010,0.11888444538298411,2890.273779226535
110000010000000100010000000000000000000000000000000001100010,0.11888444538298411,3385.8277809771844
110000010000000000010000000100000000000000000000000001100010,0.11888444538298411,3330.2468246935623
110000010000000000010000000000000000000000000000000001110010,0.11055976508415039,3218.7891251457095
110000010000000000010000000000001000000000000000000001100010,0.1199246027954841,3559.259356444719
110000010000000000010000000000001000010000000000000001100010,0.1424950452454841,3723.5553418492136
100000010000000000010000000000001000000000000000000001100010,0.1067122934204841,3492.8411002536195
110000010000000000010000000000001000000000000001000001100010,0.13802113424254162,4577.474665946588
110000010000000000010000000000001000000000000001000011100010,0.13134091343336135,4927.355973932186
110001010000000000010000000000001000000000000001000001100010,0.1548729075680152,4871.987433401711
110000010000000000010000000000101000000000000001000001100010,0.13802113424254162,4733.651999165986
110000010000000000000000000000000000000000000000000001100010,0.11888444538298411,2622.422509235528
110000010000000000000000000000001000000000000001000001100010,0.13802113424254162,4309.623395955581
110000010000000000000000000000000001000000000000000001100010,0.13698097683004162,3640.454935023852
110000010001000000000000000000000000000000000000000001100010,0.09268826815404768,4054.951691296521
110000011000000000000000000000000000000000000000000001100010,0.11913678029548411,3245.1146818003
110001010000000000000000000000000000000000000000000001100010,0.1370326903220015,2916.935276690651
110000010000000000000000000000000000000010000000000001100010,0.1382025529173591,2833.8911602460576
110000010000000000000000000000000000000000000000000001100000,0.1356722344625,1202.127779002547
110000010000000000000000000000000000000000000000000011100000,0.1362405563375,1386.4603127095565
110000010000000000000000000000000000000000000000000011100100,0.07684871921530723,2658.7118069567896
110000010000000000000001000000000000000000000000000011100000,0.15391008229033556,2388.788205067335
110000010001000000000000000000000000000000000000000011100000,0.10977086193439903,2818.9894947705493
110000010000000000000000000000001000000000000000000011100000,0.13728071375,2055.445889927741
110000010000000000000001000000000000000000000000000011100000,0.15391008229033556,2388.788205067335
110000010000000000000001000000000000100000000000000011100000,0.15443792336533557,2763.980471393291
110000010000000000000001000000000000000000000000000011101000,0.14515591187393517,4062.0621333331687
110000010010000000000001000000000000000000000000000011100000,0.14411042851865544,3963.910016035854
110000010000000000000001000000000001000000000000000011100000,0.15885147990124923,3306.562714312374
110000010100000000000001000000000000000000000000000011100000,0.11284605773451555,3666.2395256340515
110000010000000000000001000000000000000000000000000011100010,0.13137053560299877,3974.631709578905
110000010000000000000001000000000000000000000000000011101000,0.14515591187393517,4062.0621333331687
110000010000000000000001000000000000000000000000000011100010,0.13137053560299877,3974.631709578905
110000010000000000000001000000000000000000000000000011100000,0.15391008229033556,2388.788205067335
110000010000000000000101000000000000000000000000000011100000,0.13946065640630184,3081.1432094570437
110000010000010000000001000000000000000000000000000011100000,0.15362789040830196,2508.595681574194
110000010000000000000000000000000000000000000000000011100000,0.1362405563375,1386.4603127095565
110000010000000000000001000000000000000001000000000011100000,0.15809293229033558,2730.6790052709694
110000010000000000100001000000000000000000000000000011100000,0.1501982206731963,2693.5739270206504
110000010100000000000001000000000000000000000000000011100000,0.11284605773451555,3666.2395256340515
100000010000000000000001000000000000000000000000000011100000,0.14069777291533556,2322.369948876235
110000010000000000000001000000000000001000000000000011100000,0.19309187630044067,3029.9453708877763
110000010000000000000001000000000000001000000000100011100000,0.21427009966355015,4257.038816875684
110000010000000000000001000000000001001000000000000011100000,0.19803327391135433,3947.719880132816
110000010000000000000001000000000000011000000000000011100000,0.2030726137763727,3148.9768496298702
110000000000000000000001000000000000001000000000000011100000,0.1661945225504407,2852.8841366099655
