config,science,cost
000000000000000000000000000000000000000000000000100000000000,0.0144620975,250.88035225693346
000000000000000000000000000000000000100000000000000000000000,0.0,250.8605824203334
000000000000000000000000100000000000000000000000000000000000,0.0,258.5627292295798
000000000000100000000000000000000000000000000000000000000000,0.0144620975,259.2800180585232
000000000000000000000000100000000000000000000000000000000000,0.0,258.5627292295798
000000000000100000000000000000000000000000000000000000000000,0.0144620975,259.2800180585232
100000000000000000000000000000000000000000000000000000000000,0.0144620975,259.2800180585232
000000000000000000000000000000000000000000000000000000000000,0.0,0.0
000000000000000000000000000000000000000000000000010000000000,0.02944290135,258.7511670871233
000000000000000000000000000000000000010000000000000000000000,0.0,258.7277567620171
000000000000000000000000010000000000000000000000000000000000,0.0,267.90279362473655
000000000000010000000000000000000000000000000000000000000000,0.02544675,268.75502213727935
010000000000000000000000000000000000000000000000000000000000,0.02544675,268.75502213727935
000000000000000000000000000000000000000000000000000000000000,0.0,0.0
000000000000000000000000000000000000000000000000001000000000,0.0022939537500000005,669.124948394517
000000000000000000000000000000000000000000000000000000000000,0.0,0.0
000000000000000000000000000000000000000000000000010000000000,0.02944290135,258.7511670871233
000000000000000000000000000000000000000000000000000000000000,0.0,0.0
000000000000000000000000000000000000000000000000001000000000,0.0022939537500000005,669.124948394517
000000000000000000000000000000000000001000000000000000000000,0.0022939537500000005,668.9855772181842
000000000000000000000000000000000000000000000000000000000000,0.0,0.0
000000000000000000000000001000000000000000000000000000000000,0.0022939537500000005,678.0202911946997
000000000000001000000000000000000000000000000000000000000000,0.0022939537500000005,683.3697556285204
001000000000000000000000000000000000000000000000000000000000,0.0022939537500000005,683.3697556285204
000000000000000000000000000000000000000000000000000000000000,0.0,0.0
000000000000000000000000000000000000000000000000001000000000,0.0022939537500000005,669.124948394517
000000000000000000000000000000000000001000000000000000000000,0.0022939537500000005,668.9855772181842
000000000000000000000000001000000000000000000000000000000000,0.0022939537500000005,678.0202911946997
000000000000000000000000000000000000000000000000000000000000,0.0,0.0
000000000000001000000000000000000000000000000000000000000000,0.0022939537500000005,683.3697556285204
001000000000000000000000000000000000000000000000000000000000,0.0022939537500000005,683.3697556285204
000000000000001000000000000000000000000000000000000000000000,0.0022939537500000005,683.3697556285204
001000000000000000000000000000000000000000000000000000000000,0.0022939537500000005,683.3697556285204
000000000000000000000000001000000000000000000000000000000000,0.0022939537500000005,678.0202911946997
000000000000000000000000000000000000001000000000000000000000,0.0022939537500000005,668.9855772181842
000000000000000000000000000000000000000000000000000000000000,0.0,0.0
000000000000000000000000000000000000000000000000000100000000,0.0037756079503908245,794.2360138761233
000000000000000000000000000000000000000100000000000000000000,0.0,794.100741215861
000000000000000000000000000100000000000000000000000000000000,0.0,860.7660066785807
000000000000000100000000000000000000000000000000000000000000,0.0020328988330879263,865.8496748709849
000100000000000000000000000000000000000000000000000000000000,0.0036859495251204424,865.8496748709849
000000000000000000000000000000000000000000000000000000000000,0.0,0.0
000000000000000000000000000000000000010000000000000000000000,0.0,258.7277567620171
000000000000000000000000000000000000000000000000010000000000,0.02944290135,258.7511670871233
000000000000000000000000000000000000000000000000000000000000,0.0,0.0
000000000000000000000000000000000000000000000000100000000000,0.0144620975,250.88035225693346
000000000000000000000000000000000000000000000000000000000000,0.0,0.0
000000000000000000000000000000000000000000000000010000000000,0.02944290135,258.7511670871233
000000000000000000000000000000000000000000000000110000000000,0.05215720135,411.53819191200853
000000000000000000000000000000000000000000000000000000000000,0.0,0.0
000000000000000000000000000000000000000000000000000010000000,0.014985427700000003,598.2172932223544
000000000000000000000000000000000000000010000000000000000000,0.014985427700000003,598.065454921819
000000000000000000000000000010000000000000000000000000000000,0.0,624.1800755179117
000000000000000010000000000000000000000000000000000000000000,0.0,630.0049883692784
000010000000000000000000000000000000000000000000000000000000,0.0,630.0049883692784
000000000000000000000000000000000000000010000000000000000000,0.014985427700000003,598.065454921819
000000000000000000000000000000000000000000000000000000000000,0.0,0.0
000000000000000000000000000000000000000000000000000001000000,0.034490330445186075,1018.2153095018691
000000000000000000000000000000000000000001000000000000000000,0.034490330445186075,1018.0324257883237
000000000000000000000000000001000000000000000000000000000000,0.03425714001604683,1002.3278923577784
000000000000000001000000000000000000000000000000000000000000,0.030751654416775135,1009.3045466820167
000000000000000000000000000001000000000000000000000000000000,0.03425714001604683,1002.3278923577784
000001000000000000000000000000000000000000000000000000000000,0.04294237299334684,1009.3045466820167
000000000000000000000000000000000000000000000000000000000000,0.0,0.0
000000000000000000000000000000000000000000000000000000100000,0.021025948837500003,412.71697524122806
000000000000000000000000000000000000000000100000000000000000,0.021025948837500003,412.61622373455975
000000000000000000000000000000100000000000000000000000000000,0.021025948837500003,427.82138109008554
000000000000000000100000000000000000000000000000000000000000,0.021025948837500003,431.63363893128997
000000100000000000000000000000000000000000000000000000000000,0.0314321988375,431.63363893128997
000000000000000000000000000000000000000000000000000000000000,0.0,0.0
000000000000000000000000000000000000000000000000000000010000,0.02997607945225,164.2924476480789
000000000000000000000000000000000000000000000000000000000000,0.0,0.0
000000000000000000000000000000000000000000010000000000000000,0.0,164.28522499456358
000000000000000000000000000000010000000000000000000000000000,0.0,167.03576183362094
000000000000000000010000000000000000000000000000000000000000,0.010874309375,167.30294182536957
000000010000000000000000000000000000000000000000000000000000,0.010874309375,167.30294182536957
000000000000000000000000000000000000000000010000000000000000,0.0,164.28522499456358
000000000000000000000000000000000000000000000000000000010000,0.02997607945225,164.2924476480789
000000000000000000000000000000000000000000000000000000000000,0.0,0.0
000000000000000000000000000000000000000000000000000000001000,0.03801482030135316,641.1571658204413
000000000000000000000000000000000000000000001000000000000000,0.0,641.09416569778
000000000000000000000000000000001000000000000000000000000000,0.0,666.8703762450554
000000000000000000001000000000000000000000000000000000000000,0.006083620130177763,669.211364498631
000000001000000000000000000000000000000000000000000000000000,0.006083620130177763,669.211364498631
000000000000000000000000000000000000000000000000000000001000,0.03801482030135316,641.1571658204413
000000000000000000000000000000000000000000000000000000000000,0.0,0.0
000000000000000000000000000000000000000000000100000000000000,0.0,440.04113867618344
000000000000000000000000000000000100000000000000000000000000,0.0,447.73705817532016
000000000000000000000100000000000000000000000000000000000000,0.046922313256621,448.4685696012415
000000000100000000000000000000000000000000000000000000000000,0.05068408969741005,448.4685696012415
000000000000000000000000000000000000000000000000000000000000,0.0,0.0
000000000000000000000000000000000000000000000000000000000010,0.018333980709375003,211.46865101052936
000000000000000000000000000000000000000000000010000000000000,0.0,211.37761473882722
000000000000000000000000000000000010000000000000000000000000,0.0,250.28327817491257
000000000000000000000010000000000000000000000000000000000000,0.0011366437500000002,253.72024684826238
