config,science,cost
000000000000000000000000000001000000000000000000000000000000,0.057578128125,371.2135431246241
000000000000000000000001000001000000000000000000000000000000,0.0828762509644741,1373.5414354824024
000000000000000000000010000001000000000000000000000000000000,0.057578128125,995.3936186425358
000000000000000000000000000001000010000000000000000000000000,0.06993892425624576,1582.0287489926804
000000000000000000000000000001000000000000000000100000000000,0.08901032696250001,802.7699032585551
000000000010000000000000000001000000000000000000000000000000,0.057578128125,1001.2185314939024
000000000000000000000000000001000000100000000000000000000000,0.07860407696249999,783.9305183658521
000000000000000000000000000001000000000010000000000000000000,0.07591210883437499,582.6821941351535
000000000000000000010000000001000000000010000000000000000000,0.07591210883437499,850.5334641261604
100000000000000000000000000001000000000010000000000000000000,0.096938057671875,1014.2385542690845
000000000000000000000000000001000000000010000000001000000000,0.08399923477700025,1251.8935586337846
000000000000000000000000000001000000000010000000000000000001,0.10816888219180634,1591.98674081717
000000000000000000000000000001000000000000000000000000000000,0.057578128125,371.2135431246241
000000000000000010000000000001000000000000000000000000000000,0.057578128125,621.4968212995367
000000000000000010000000000001000000000000010000000000000000,0.087021029475,880.1910982724514
000000000000000010000000000001000000000000010000000001000000,0.09399310135000002,1216.751179870103
000000000000000010000000000001000000000000010000000000010000,0.088989283125,1148.8961093326734
000000000000000010000000000001000000000000010010000000010000,0.10036911042099037,2283.0569406387076
000000000000000010000000000001000000000000010000000000000000,0.087021029475,880.1910982724514
000000000000000010010000000001000000000000010000000000000000,0.087021029475,1055.5936595228663
000000000000000010010000000001000000000000010000000100000000,0.12273721940166897,1504.0020228884564
000000000000000010010000000011000000000000010000000000000000,0.087021029475,1161.8786448583903
000000000000000010010000000001000000000001010000000000000000,0.08961611697500001,1318.0409204161115
000000000000000010010000000001000000000000010000000100000000,0.12273721940166897,1504.0020228884564
000000000000100010010000000001000000000000010000000000000000,0.1072823270625,1424.5680524449122
000000000000000010010000000001000000000000011000000000000000,0.087785680725,1630.9436305561408
000000000000000010010000000000000000000000010000000000000000,0.02944290135,684.3801163982424
000000000000000010010000000001000000000000010000000000000000,0.087021029475,1055.5936595228663
000000000000000010000000000001000000000000010000000000000000,0.087021029475,880.1910982724514
000000000000000010010000000001000000000000010000000000000000,0.087021029475,1055.5936595228663
000000000000000000010000000001000000000000010000000000000000,0.087021029475,897.7590900885459
000000000000000000010000000001000000000000010000000100000000,0.12273721940166897,1346.1674534541357
000000000000000000010000100001000000000000010000000100000000,0.14350217948916896,1648.0437398182507
010000000000000000010000000001000000000000010000000100000000,0.13459565560166897,1513.8175070385125
000000000000000000010000000001000000000000010000000000000000,0.087021029475,897.7590900885459
000000000000000000010000000001000000000000010000000100000000,0.12273721940166897,1346.1674534541357
000000000000000000010000000001000000000000000000000100000000,0.09976598377340135,1087.4731764812211
000000000000000000010000000001000000000000010000000100000000,0.12273721940166897,1346.1674534541357
000000000000000000010000000000000000000000010000000100000000,0.0736553253256777,975.1225303131012
000000000000000010010000000000000000000000010000000100000000,0.0736553253256777,1132.7884797638326
000000000000000010010000000001000000000000010000000100000000,0.12273721940166897,1504.0020228884564
000000000000000010000000000001000000000000010000000100000000,0.12273721940166897,1328.5994616380415
000000000000000010010000000001000000000000010000000100000000,0.12273721940166897,1504.0020228884564
000000000000000010010000000001000100000000010000000100000000,0.08169053702205786,2406.494444656996
000000000000000010010000000001000000000000010000000100100000,0.12054482851906556,1803.198162949649
010000000000000010010000000001000000000000010000000100000000,0.13459565560166897,1671.3084491827126
000000100000000010010000000001000000000000010000000100000000,0.134094369401669,1763.2260494996517
000000100000000000010000000001000000000000010000000100000000,0.134094369401669,1605.7945832716664
000000100000000000010000000001000000000000010000000100010000,0.12785654651687559,1923.0269325459685
000000100000000000010000000001000000000000010000000100100000,0.1274525010040063,1904.5876201265237
000000110000000000010000000001000000000000010000000100000000,0.14741977305166898,1789.8921031088894
000000100000000000110000000001000000000000010000000100000000,0.134094369401669,1779.4290380743319
000000000000000000010000000001000000000000010000000100000000,0.12273721940166897,1346.1674534541357
000000000000000000010000100001000000000000010000000100000000,0.14350217948916896,1648.0437398182507
000000000000000000010000100001000000000001010000000100000000,0.14772925417734065,1910.4910007114959
000000000000000000010000100001000000000000010000000100000001,0.12917854799848702,2470.9542262354153
000000000000000000010000100001000000000000010000000100000001,0.12917854799848702,2470.9542262354153
010000000000000000010000100001000000000000010000000100000000,0.15536061568916898,1815.350166112507
000000000000000000010000100001000000000000110000000100000000,0.16621647948916898,1800.8876547573445
000000000000001000010000100001000000000000010000000100000000,0.14350217948916896,2362.1514606305736
000000000000000000010000110001000000000000010000000100000000,0.14350217948916896,1721.6742700272089
000000000000000000011000100001000000000000010000000100000000,0.14454233690166896,2247.812813172606
000100000000000000010000100001000000000000010000000100000000,0.14970553402840828,2096.452103183841
010100000000000000010000100001000000000000010000000100000000,0.1556774056306452,2215.7154724840802
010000000000000000010000100001000000000000010000000100000000,0.15536061568916898,1815.350166112507
010000000000000000010000100001000000000000010000000100000100,0.1310829520680864,2481.0333757980834
010000000000000000010000100001010000000000010000000100000000,0.15536061568916898,1981.352473736344
010000000000000000010000100001000010000000010000000100000000,0.1617896689756933,3290.1747144696033
010000000000000000010000100001000000000100010000000100000000,0.14978110419844942,2291.168407041503
110000000000000000010000100001000000000100010000000100000000,0.15030894527344943,2584.6694265094206
010000000000001000010000100001000000000100010000000100000000,0.14978110419844942,3005.276127853826
010000000000000000010000100001000000000000010000000100000000,0.15536061568916898,1815.350166112507
010000000000000000010000100001000000000000010000000100000000,0.15536061568916898,1815.350166112507
010000000000000000010100100001000000000000010000000100000000,0.15536061568916898,2718.368024350223
010000000000000000010000100001000000000000010000000100000000,0.15536061568916898,1815.350166112507
110000000000000000010000100001000000000000010000000100000000,0.15588845676416896,2108.8511855804245
010000000000000000010000100001000001000000010000000100000000,0.1232062039940284,3195.4132660750392
010100000000000000010000100001000000000000010000000100000000,0.1556774056306452,2215.7154724840802
010000000000000000010000100001000000000000010000000100000001,0.14103698419848704,2638.2606525296715
010000000000000000010000100001000000000000010000000000100000,0.13100157576250002,1626.1658293581122
010000000000000000010000100001000000000000010000000100100000,0.15316822480656558,2114.5463061736996
010000000000000000010000100001000000000000110000000100000000,0.178074915689169,1968.1940810516007
010000000000000000010000100001100000000000010000000100000000,0.15536061568916898,1972.5206355700816
010000000000000000110000100001000000000000010000000100000000,0.15536061568916898,1989.3877241215077
110000000000000000110000100001000000000000010000000100000000,0.15588845676416896,2282.8887435894258
010000000000000000110000100001010000000000010000000100000000,0.15536061568916898,2155.390031745345
010000000000000100110000100001000000000000010000000100000000,0.15536061568916898,2606.5745147520574
010000000100000000110000100001000000000000010000000100000000,0.15100526103551884,2808.8149663919085
010000000000000000010000100001000000000000010000000100000000,0.15536061568916898,1815.350166112507
010000000000000000010000100001000000000000110000000100000000,0.178074915689169,1968.1940810516007
010000000000000000010000100001000000000000110000000100000100,0.1537972520680864,2633.8772907371767
010001000000000000010000100001000000000000110000000100000000,0.180166340689169,2202.2752791205107
010000000000000000110000100001000000000000110000000100000000,0.178074915689169,2142.2316390606015
010000000100000000010000100001000000000000110000000100000000,0.17371956103551883,2787.6213233220014
010000000000000000010000101001000000000000110000000100000000,0.14713817994516862,2980.3270209133675
