config,science,cost
000000000000000000000000000000000000000000000000100000000000,0.0144620975,250.88035225693346
000000000000000000000000000000000000010000000000100000000000,0.0144620975,509.6081090189506
000000000000000000000000000000000000010010000000100000000000,0.026667790327037436,1643.3179294740598
000000000000000000000000000000000000010010000000100001000000,0.04675555231799296,2676.4181110185937
000000000000000000000000000000000000010000000000100001000000,0.03454985949095552,1542.5903050176653
000000000000000000000000000000000000010000000000100000000000,0.0144620975,509.6081090189506
000000000000000000000000000000000000010000000000100000100000,0.049827398837499995,825.1668519833229
000000000000000000000000000000000000010000010000100000100000,0.049827398837499995,884.0306200593543
000000000000000000000000000000000000010000010000100000100010,0.068161379546875,997.1001511032002
000000000000000000000000000000000001010000010000100000100010,0.12230544517187501,1361.0594305302584
000000000000000000000000000000000001010000010000100000100110,0.10863939544406595,2168.395650752684
000000000000000000000000000000000001010000010000100000100010,0.12230544517187501,1361.0594305302584
000000000000000000000000000000100001010000010000100000000010,0.10846975517187502,1380.2624186503094
000000000000000000000000000000100001110000010000000000000010,0.09400765767187502,1392.883445196302
000000000000000000000000100000100001010000010000000000000010,0.09400765767187502,1411.019545279395
000000000000100000000000000000100001010000010000000000000010,0.10846975517187502,1489.9922698173475
100000000000000000000000000000100001010000010000000000000010,0.10846975517187502,1489.9922698173475
000000000000000000000000000000100001010000010000100000000010,0.10846975517187502,1380.2624186503094
000000000000000000000000000000100001000000010000100000000010,0.10846975517187502,1227.0161829122512
000000000000000000000000010000100001000000010000100000000010,0.10846975517187502,1418.8604099404197
000000000000010000000000000000100001000000010000100000000010,0.130046906421875,1495.721193972473
000000000000010000000000000000000001000000110000100000000010,0.129543243921875,1465.5088028151279
000000000000010000000000000000000001000000010000100000100010,0.143882596421875,1476.518205852422
000000100000010000000000000000000001000000010000100000000010,0.139949493921875,1589.4718236442309
000000000000010000100000000000000001000000010000100000000010,0.132525446421875,1497.731326147527
000000000000010000000000000000100001000000010000100000000010,0.130046906421875,1495.721193972473
000000000000010000000000000000000001000000010000100000000010,0.10928194633437502,1157.9154635103
000000100000010000000000000000000001000000010000100000000010,0.139949493921875,1589.4718236442309
000000000000010000100000000000000001000000010000100000000010,0.132525446421875,1497.731326147527
000000000000010000000000000000000001000000110000100000000010,0.129543243921875,1465.5088028151279
000000000000010000000000000000000001000000010000100000000010,0.10928194633437502,1157.9154635103
000000100000010000000000000000000001000000010000100000000010,0.139949493921875,1589.4718236442309
000000100000010000000000000000000000000000010000100000000011,0.1421463301872817,2012.9512511855505
000000100000010000000000000000000000000000010001100000000010,0.143383556421875,1490.7449094360231
000000100000010000000000000000000001000000010000100000000010,0.139949493921875,1589.4718236442309
000000100000010000000001000000000000000000010000100000000010,0.140453156421875,1494.6982911260875
000000100000010000000000000000000001000000010000100000000010,0.139949493921875,1589.4718236442309
000000100000010000000001000000000000000000010000100000000010,0.140453156421875,1494.6982911260875
000000100001010000000000000000000000000000010000100000000010,0.14821795329687498,1502.6475113674505
000000100001010000000000000000000000000000000000100000010010,0.193532674546875,1397.3840937105492
000000100001010000000000000000000000000000010000100000000010,0.14821795329687498,1502.6475113674505
000000100001010000010000000000000000000000000000100000000010,0.161430262671875,1412.0357094032556
000000110001010000000000000000000000000000000000100000000010,0.16109033834687497,1405.1780720452086
000000100001010000000000000000000000000000000000100000010010,0.193532674546875,1397.3840937105492
000000100001010000000000000000000000000000000010100000010000,0.1751986938375,1498.3514647664406
000000100001010000000000000000000010000000000000100000010000,0.1751986938375,1537.2571282025256
000000100001010000000010000000000000000000000000100000010000,0.1763353375875,1463.8564540165276
000000100011010000000000000000000000000000000000100000010000,0.1757670157125,1483.5360731121364
000000100001010000000000000000000000000000000000100000010010,0.193532674546875,1397.3840937105492
000000100001010000000000000000000100000000000000100000010010,0.193532674546875,1845.059511920102
000000100001010000000000000000000000000000000000100000010010,0.193532674546875,1397.3840937105492
000000100001010000000000000010000000000000000000100000010010,0.195500928196875,2021.5641692284612
000000100001010000000000000011000000000000000000100000010010,0.20760266172400169,3373.3786574520673
000000100001010000000000000001000000000000000000100000010010,0.21120220049971059,2399.711986068328
000000100001010000000000000001000000000000000000100000010010,0.21120220049971059,2399.711986068328
000000100001010000000000000000000000000000000000100000010010,0.193532674546875,1397.3840937105492
000000100001010000000000000001000000000000000000100000010010,0.21120220049971059,2399.711986068328
000000100001010000000000000011000000000000000000100000010010,0.20760266172400169,3373.3786574520673
000000100001010000000000000000000000000000000000100000010010,0.193532674546875,1397.3840937105492
000000100001010000000000000000000000000000000000100000010000,0.1751986938375,1286.973850027613
000000100001010000000000000000000000000000000000100000000000,0.12988397258749998,1228.215647587202
000000100001010000000000000000000000000000000000000000000000,0.1185268225875,977.3963383444304
000000100001000000000000000000000000000000000000000000000000,0.09384472383750002,708.6913272842086
000000000001000000000000000000000000000000000000000000000000,0.06140520000000001,365.9354379217204
000000000000000000000000000000000000000000000000000000000000,0.0,0.0
