config,science,cost
000000000000000000000000000010000001000000000000000000000000,0.030658071506832054,1223.0400294677183
000000000000000000000000000000000001000000000000000000000000,0.034490330445186075,1018.0324257883237
000000000000010000000000000000000001000000000000000000000000,0.034490330445186075,1185.0712733095627
001000000000000000000000000000000001000000000000000000000000,0.04057395057536384,1687.243790286955
000000000000000000000000000000000001000000000000000010000000,0.035058652320186075,1271.7526726365863
000000000000000000000100000000000001000000000000000000000000,0.034490330445186075,1878.7984324669046
000000000000000000000000000000000001000000000001000000000000,0.03922665077941574,2036.2477352901928
000000000000000000000000000000000001001000000000000000000000,0.07250515074653924,1659.189591608765
000000000000000000000000000000000000000000000000000000000000,0.0,0.0
000000000010000000000000000000000001000000000000000000000000,0.034490330445186075,1648.0374141576021
000000000000000000000000100000000001000000000000000000000000,0.03783513597875632,1588.1020098005288
000000000000000000000000000000100001000000000000000000000000,0.02874194203765507,1283.6768536353497
000000000000000000000000000000000001000000001000000000000000,0.036784284195186076,1687.157374182841
000000000001000000000000000000000001000000000000000000000000,0.04063415162079634,1927.0790559270558
000000010000000000000000000000000001000000000000000000000000,0.05993708044518608,1286.7374368485457
000000000000000001000000000000000001000000000000000000000000,0.08153986609729984,1381.991705215382
000000000000000000000000000000001001000000000000000000000000,0.030038667547717043,2039.9296337190872
000000000000000000000000000000000001000000000000001000000000,0.04057395057536384,1687.243790286955
000000000000000000000000000000000001000001000000000000000000,0.08153986609729984,1389.2984582555014
000000000000100000000000000000000001000000000000000000000000,0.0493589514053561,1445.7704466676603
000000000000000000000000000000010001000000000000000000000000,0.027409534128624694,1299.4170739806334
000100000000000000000000000000000001000000000000000000000000,0.06978331204205734,1466.440789153914
100000000000000000000000000000000001000000000000000000000000,0.0493589514053561,1449.5887859222548
000000000000000000100000000000000001000000000000000000000000,0.034490330445186075,1276.5377982844054
000000000000000000000000000000000001000000000100000000000000,0.0382659383955769,1812.2684396644472
000001000000000000000000000000000001000000000000000000000000,0.08153986609729984,1383.9678637100442
000000000000001000000000000000000001000000000000000000000000,0.034490330445186075,1684.9028020333794
000000000000000000000100000000000001000000000000000000000000,0.034490330445186075,1878.7984324669046
000000000000000000000000000000000001000000000000000000000010,0.034490330445186075,1648.0374141576021
000100000000000000000000000000000001000000000000000000000000,0.06978331204205734,1466.440789153914
000000000000000010000000000000000001000000000000000000000000,0.034490330445186075,1268.3157039632365
000000000010000000000000000000000001000000000000000000000000,0.034490330445186075,1648.0374141576021
000000000000000000000000000000000001000001000000000000000000,0.08153986609729984,1389.2984582555014
000000000000000000000000000000000001000000000000000001000000,0.0843077584807816,1383.9678637100442
000010000000000000000000000000000001000000000000000000000000,0.035626974195186074,1271.7526726365863
000000000000000000000000000000000001000000001000000000000000,0.036784284195186076,1687.157374182841
000000000000000000010000000000000001000000000000000000000000,0.034490330445186075,1285.8836957793308
000000000000000000000000000000000001000000000001000000000000,0.03922665077941574,2036.2477352901928
000000000000000000001000000000000001000000000000000000000000,0.036784284195186076,1696.0527169830234
000000000000000000000000000000000001000000000000000000001000,0.036784284195186076,1701.402181416844
000000000000000000000000000100000001000000000000000000000000,0.01655535861368931,1251.636518620821
000000000000000010000000000000000001000000000000000000000000,0.034490330445186075,1268.3157039632365
000000001000000000000000000000000001000000000000000000000000,0.036784284195186076,1701.402181416844
000000000000000000000000000000000000000000000000000000000000,0.0,0.0
000000000000000000000000000000000001000000000000100000000000,0.05976520140535611,1449.5887859222548
000000001000000000000000000000000001000000000000000000000000,0.036784284195186076,1701.402181416844
000000000000000000000000000000000001000000000000000000100000,0.048952427945186075,1277.2564523995193
000000000000000000000000000000000001000000000000000010000000,0.035058652320186075,1271.7526726365863
000000010000000000000000000000000001000000000000000000000000,0.05993708044518608,1286.7374368485457
000000000010000000000000000000000001000000000000000000000000,0.034490330445186075,1648.0374141576021
000000000000000000000000000000000000000000000000000000000000,0.0,0.0
000000000000000000000000000000000001000000000000000001000000,0.0843077584807816,1383.9678637100442
000000000000000001000000000000000001000000000000000001000000,0.0874527584807816,1747.9271431371021
000000000000000000001000000000000001000000000000000001000000,0.0866017122307816,2061.988154904744
000000000000000000000000000000000001000010000000000001000000,0.10264173919015661,1595.4365147205735
000000000000000000000000000000000001000000000100000001000000,0.08808336643117243,2178.2038775861674
000000000000000000000000000000000000000000000000000001000000,0.06140520000000001,365.9354379217204
000000000000000000000000000000000000000000010000000001000000,0.09084810135000002,624.6297148946351
000000001000000000000000000000000000000000000000000001000000,0.06369915375,1049.3051935502408
000000000000000000000000000000000000000010000000000001000000,0.07973918070937501,577.4040889322498
000000000000000000000000000000000000100000000000000001000000,0.08243114883750001,778.6524131629484
000000000000000000000000000000000000000000000000010001000000,0.07328683437500001,430.3008701432485
000000000000000000000000000010000000000000000000000001000000,0.06140520000000001,577.3130526605476
010000000000000000000000000000000000000000000000000001000000,0.07227950937500001,533.2418642159765
000000000000000000000000000000000000000000000000000001000100,0.014365618564915325,1350.552814967763
000000100000000000000000000000000000000000000000000001000000,0.0758672975,625.1594645329158
000000000000000000000000000000000000000001000000000001000000,0.0645502,707.8262381253548
000000000000000000000010000000000000000000000000000001000000,0.06140520000000001,990.1155134396322
000000000000000000000000000000000000000000010000000001000000,0.09084810135000002,624.6297148946351
000000000000000000000000000000000000000000010000000001000001,0.08550466008571281,1768.8908211060457
000010000000000000000000000000000000000000010000000001000000,0.09198474510000001,878.3499617428974
000000000000000000000100000000000000000000010000000001000000,0.09084810135000002,1485.3957215732157
000000000000000000000000000000000000000001010000000001000000,0.09603827635000001,857.9738708399152
000000000001000000000000000000000000000000010000000001000000,0.11143607486593074,1633.9342615766518
000000000000000000000000000001000000000000010000000001000000,0.09399310135000002,966.4679016951906
000000000000000000000000000000000000010000010000000001000000,0.12182347010000003,683.5039037468073
000000000000000000000000000000100000000000010000000001000000,0.09084810135000002,875.4292064034132
000000001000000000000000000000000000000000010000000001000000,0.09161275260000001,1307.9994705231557
000000000100000000000000000000000000000000010000000001000000,0.09288100018308794,1490.47938976562
000001000000000000000000000000000000000000010000000001000000,0.09399310135000002,990.5651528163555
000000000100000000000000000000000000000000010000000001000000,0.09288100018308794,1490.47938976562
000000000000000000000000000000000000000000000000000001000000,0.06140520000000001,365.9354379217204
000000000000000000000000000000000000000000010000010001000000,0.10371386255000001,688.9951471161633
000000000000000000000000000000000000000000010000000101000000,0.08737598646216667,1179.1937847347117
000000000000000000000000000000000000000000010000000001010000,0.09382368,796.5850349420513
000000000000000010000000000000000000000000010000000001000000,0.09084810135000002,874.9129930695478
000000000000000000000000000000000000000000010000000001100000,0.10321257635000002,785.8829260869131
000000000000000000000000000000000000010000010000000001000000,0.12182347010000003,683.5039037468073
000000000000000001000000000000000000010000010000000001000000,0.12496847010000002,1047.4631831738654
000000000000000000000000000000001000010000010000000001000000,0.12258812135000002,1352.4894809649913
000000000000000000000000000000000000010000010000000001010000,0.12479904875,855.4592237942236
000000000000000000000000000000000000010000010000100001000000,0.1534983426875,1026.2597931092955
000000000000000000000000000000000000010000010000000001000001,0.11648002883571282,1827.765009958218
000000000000000000000000000000000000010000010010000001000000,0.12070963654322323,1866.048333308551
000000000000000000000000000000000000010000110000000001000000,0.14453777010000002,845.6461619711042
