config,science,cost
000001000000000010011000010000000010001000100000100110100001,0.10888851150655388,7084.9704767098865
000000100000000000000000000000000001000111010000000000000110,0.14137738432573155,4024.7595001329078
011001010000000000000000000001000000001000000000010000100000,0.09814094284593367,4717.82799754652
000000000000000000000000000000000000000010000000000010011000,0.05732091395967431,2252.7077968768
001000000101100100000000000000000000000100000000010000001000,0.10070942973524577,4878.517843390979
000000000000000000000000000000000001000000010000000000000000,0.05414406562499996,528.2476259953914
001010100000100000000000000001000000000000000010100000001000,0.10594819051261783,5318.573974682617
000001000000100000000000000000000010000001000000000000000000,0.06412477124418936,2436.5863607131632
000110110000000000000010000000100001101010000100000010000000,0.11447317279432367,6653.460486958269
000001010000000000000000000011000000001000000000010000000000,0.08660734152481053,4033.7595083773886
000000000001000000000000000000000001000000010000000001101011,0.09428662920830644,3539.999916359408
000000110000000000000010000000100001101010000100001010000000,0.12692486168138095,6209.064150269471
000000000000000000000000000000000100000000000000000000100000,0.021025948837499975,860.5499670454822
000001010000000000000000000001000000001000000000011000100000,0.10144329925828477,3958.2295590879567
000001000010010000000010000000010000000100010100000000000011,0.15969452055382782,3561.7013677317327
000100100000000000000000000000000000000001001001000000100000,0.055784089380777946,3774.575141191503
000000000010000000000000000010000001000000000010000000000000,0.05671046317499995,1364.6113335031837
001000000000000000010000010000000000001100000010000000100010,0.056128121909374995,3551.109844122786
000000100000000000000000000000000000000000010100000001101011,0.07409967886634394,3614.490399139616
000000000010000000000010000000100001101010000000000010000000,0.11918811180169187,4207.302056888848
100110010000000000000000000010000000000010000000000010011000,0.07331674825002377,4992.350354068027
000001010000000000000000000001000000001000000000000000001011,0.1150782439054413,4102.253139479109
000000100000000000000000000000000001000000000010010000000000,0.11425451456250002,1265.587531272731
000001000100100000000000010000010001100000000000000110000000,0.10842488021199126,4087.682402888485
000000000000000000000000000000000000000000101000000000000000,0.014828369283726106,1204.4114478547067
000000000010000000000010000000010000000000010100000000000000,0.018333980709374975,1226.0159046113645
000000110000000000010010000000100001101010000100001010000000,0.130369236681381,6275.431418695769
000001010011000000000000000000000001000000000010010000010000,0.14873402724709972,2847.7254082096038
000000000000000000000000000000000000000000100010000000000000,0.021025948837499975,535.3846123043738
000001000010010000000010000000010100000000010100000000000000,0.08195172892568325,2890.9230960714626
000000000000000000000000000010000000000000000010010000010000,0.06238652374999998,1153.126156081826
000001010000000010000000000001000000001000000000011000100000,0.10341155290828474,4588.234547457235
000000000010000000000010000000101000000000010000000001101011,0.10146671262508566,4578.688136862755
000000000000000000000010000000010000000100010100000100000011,0.06122129704731438,3027.498424388787
100100000101010000000001110001000000000000010000000100100100,0.12150540991404135,5852.2483589887015
000010000000000001000100000000000000000000100010000000000000,0.050463484887757426,2436.7084504564064
000000100000001000000000000011000000000000000000100000001000,0.0940742959264681,4005.877423298164
100100100011101000000000000001001000000000000000100000001000,0.09641537139791279,5931.993153583874
000001000100100001000000000001000000001000000000011000100000,0.11183840241189669,5415.881558879587
000000100011101000000000000000000000000001100000000100000000,0.14482910571939178,4083.254857212917
000001000010010000000000000000000001000000000010000000001000,0.1514838693675622,2812.700587193737
000010000000000001100100000000000001000000000010010000000000,0.11147903431787531,3367.2798257323457
000000000000000000100000000000000001000000010000000000000000,0.07517001446250005,960.0836090341802
000000010000000000000000000000000000100000000000000000000000,0.010874309375000002,418.163524245703
000001010011000000000000000000010001000000000010010000010000,0.14873402724709972,2911.623266550287
000001010000000000100010000000010100000000010100000000000000,0.06346420927475693,2856.7407204236806
000000000010000010000000000000000000000010000000000010011000,0.06983039328842144,2979.6791733458817
000000010000000000000000000000000000100000100000000000000000,0.03345273196249998,733.6684389851039
000001010100000000000000000001000000001000000010010000010000,0.1257162580837785,3506.7222835487473
000000100011101001000000000001000000000000000000100000001000,0.16311854178301233,5216.346134450052
000000100011101000000010000000011000000100010100000000000011,0.17343345339723626,5170.042881725206
000000100010000000000000000000000000000000100000000000100000,0.034593151875000006,1359.1051698698373
000000000000000000000000000000000000110000000000000000000000,0.0,411.4892097993322
000001000010010000000010000000010000010000010100000000000000,0.08195172892568325,2783.1218833574144
000000001010000000000000000000000001000000000010000000000000,0.059628050938357435,1532.311583467529
000000000000100000000000000000000001000000000010000000001000,0.10662098342635318,1475.718086597522
000100010000000000000000000000000000100000100000000000000000,0.028287173585933467,1553.0956812555044
000000000010000000000000001000000001000000000010010000010000,0.11639897134999999,1733.9493965182387
000000100000000000000000001000000001000000010100000000000011,0.11253202633437498,2382.857841725072
000000100011101000000000001000000001000000000010010001010000,0.16204101436284424,4352.376248686715
000000000100000000000000000000000010000001000000000000000000,0.07075932670909979,1716.7240673288265
000000000010000000000100001000000001000000000010000000001000,0.14139597962779926,2505.946459879183
000000000000000000000000000000000000100000000000000001000000,0.034490330445186124,1269.0148010106473
000001100010010000000000000000000001000000000010000000000000,0.11703937736052439,2835.3267193678093
000000100011101000000001001000000001000000000010010001010000,0.1643093422085884,5528.327286804056
000000100000000000000000000000000001000000000010010100010000,0.10175693662145613,2198.8938640300307
000000100010000000000001000000000000000000100000000000100000,0.08873721749999997,1725.0406077915577
000000100001001010001100000000000000010000000101000001100110,0.1398383349363468,6797.490292432432
000000000000100000000000000000000001000000000010010000000000,0.09494411697500005,1093.2551977499952
000000000000000000100000000000000001000000011000000000000000,0.07517001446250005,1555.6208470396932
000000000000100000000000000000000001000000000010010100010010,0.0832409645839749,2234.0954174255435
000000000000000000100000000000000000000000100010000000100000,0.023618580000000056,1304.835314397973
000000000000000000000000000000000001000000010000000000000100,0.09587340193605931,968.5116545845761
000001010011000000000000000000010001000000000010010000011000,0.1416835120517148,3631.7636652309607
000000100011000000000000100000010001000000000010010000010000,0.15824951456250003,2022.4709962134334
001000000000100000000000000000000001000000000010010001010000,0.11410092155894591,2939.3406888406653
000001000010010000000000001000000001000000000010010000010010,0.17650286274132787,3187.5356997491444
000000000000000000000000000000000001000000000100000000010000,0.08412014507724996,968.4987354939303
000001000010010000000010000000010000000110010100000000000011,0.16671674237269096,4456.354008976705
000001000010010000000010010000010001000000000010010000010000,0.16620437938820287,2900.962163108165
000001000010010000000010010000010001000000000010000000001000,0.17049421906764317,3224.550863103519
000001010011000000000000000000000001000000000000100000000000,0.1021616556017263,2569.598636888461
000000100011100000000000001000000001000000000010010001010000,0.1506838643628443,3748.5482732598803
000000100000000000000000001000000001000000000010010000000000,0.11579833447499999,1852.911320951735
000000000000001000000000000000000000000001000000000000100000,0.05195158256785615,2114.119156658072
000000100011101000000000000001100000000000000000100000001000,0.171641009458681,4321.599091996438
000001100010010000000010010000010001000000000000000000000000,0.13512307343957286,3035.799380538764
000000100011000000000000100000010001000000000010010000011000,0.15563385310776545,2742.611394894107
000000000000000000000000000000100001000000000000000000000000,0.07567367696250005,701.7650098892314
000000100010000000000001000000000000000000100010010000000000,0.11535067751249994,1731.5380679364923
000000100000000000000000001000000001000000000010010001000000,0.11912278012779931,2893.886711970208
000000010000000001000000000000000000100000100000000000000000,0.05778045321690828,1742.9729856671206
000000000010000000000000001000000001000000001000000000000000,0.05751000375000004,1846.0974816521043
000000100000000000000000000001100000000000000000101000001000,0.09752932609494658,4001.7120282094893
000000000010000000000000000000000000000000000010000000001000,0.040867573762958576,1106.2550274075309
