config,science,cost
100000000000000000000000000000000000000000000000000000000000,0.021025948837500003,431.63363893128997
110000000000000000000000000000000000000000000000000000000000,0.0334527319625,497.8778956107376
100000000000000000000000000000000000000000000000000010000000,0.021594270712500002,685.2766069821934
100001000000000000000000000000000000000000000000000000000000,0.0756736769625,708.6913272842086
100000000000000000000000001000000000000000000000000000000000,0.021025948837500003,1072.650525831711
101000000000000000000000000000000000000000000000000000000000,0.021405659938349045,1286.4152796017934
100000010000000000000000000000000000000000000000000000000000,0.048690250087500005,608.5208736974487
100000000000000000000000000000000000000000000000001000000000,0.027109568967677765,1100.767724632562
100000000000000000000000000000000100000000000000000000000000,0.021025948837500003,1225.657101349792
100000000000001000000000000000000000000000000000000000000000,0.021025948837500003,1098.4267363789863
100000000000000000000000000000000000100000000000000000000000,0.022341612412500003,806.9221004258702
100000000001000000000000000000000000000000000000000000000000,0.03432705782835571,1655.2204485317989
100000000000000000000000000000000000000000000000010000000000,0.0334527319625,598.9365807566595
100000000000000000000000000000000000000000000000100000000000,0.0327478624125,863.2672778625799
100000000000000000000100000000000000000000000000000000000000,0.021025948837500003,1292.3223668125117
100000000000000000000000000000000000000000000000000000010000,0.0457080475875,700.3886610685693
100000000000000000000000000000000000000000000000000010000000,0.021594270712500002,685.2766069821934
100001000000000000000000000000000000000000000000000000000000,0.0756736769625,708.6913272842086
100000000000000000000000010000000000000000000000000000000000,0.021025948837500003,595.9218945818515
100000000000000000000000000000000000000000000001000000000000,0.0493589514053561,1449.7716696358002
100000000000000000000000000000010000000000000000000000000000,0.021025948837500003,690.361395693307
100000000000100000000000000000000000000000000000000000000000,0.022341612412500003,859.4550200213755
100000000000000000000000000000000000000000000000000010000000,0.021594270712500002,685.2766069821934
101000000000000000000000000000000000000000000000000000000000,0.021405659938349045,1286.4152796017934
100000100000000000000000000000000000000000000000000000000000,0.049827398837499995,592.3408162745889
100000000000000000000000000000000001000000000000000000000000,0.0493589514053561,1449.5887859222548
100000000000000000000000000000000000000000000000000000010000,0.0457080475875,700.3886610685693
100000000010000000000000000000000000000000000000000000000000,0.021025948837500003,992.0355825192096
100000000000001000000000000000000000000000000000000000000000,0.021025948837500003,1098.4267363789863
110000000000000000000000000000000000000000000000000000000000,0.0334527319625,497.8778956107376
100000000000000000000100000000000000000000000000000000000000,0.021025948837500003,1292.3223668125117
100000000000000000000000000000000000000000010000000000000000,0.04970419893749999,690.3848060184132
100000000000000010000000000000000000000000000000000000000000,0.021025948837500003,681.8396383088435
100000000000000000000000000000000000000100000000000000000000,0.06752852205557114,871.695323412976
100000000000000000000000000000000000010000000000000000000000,0.05321386701250001,595.9295212967081
110000000000000000000000000000000000000000000000000000000000,0.0334527319625,497.8778956107376
100000000000001000000000000000000000000000000000000000000000,0.021025948837500003,1098.4267363789863
100000000000000000000000000000000000000000000000000000000100,0.024711898362620447,1297.406035004916
100000000000000000000000000000000000000000000000000000001000,0.023618580000000004,1114.9261157624514
100000000000000000000000000000000000000000001000000000000000,0.023618580000000004,1100.681308528448
100000000000000000000000000000000000000000000100000000000000,0.024801556787890828,1225.7923740100541
100000000000000000000000100000000000000000000000000000000000,0.022341612412500003,806.8212411837891
100000000000000000000100000000000000000000000000000000000000,0.021025948837500003,1292.3223668125117
100000000000000000000000000000000000000000000000100000000000,0.0327478624125,863.2672778625799
100000000000000000000000000000000100000000000000000000000000,0.021025948837500003,1225.657101349792
100000000100000000000000000000000000000000000000000000000000,0.006518725510693511,1490.7036366637658
100000000000000000000000000100000000000000000000000000000000,0.021025948837500003,871.6747776074733
100000000000000000000000000000000000000000000000100000000000,0.0327478624125,863.2672778625799
100000000000000000000000000001000000000000000000000000000000,0.07860407696249999,802.7699032585551
100000000000000000000000000000000000100000000000000000000000,0.022341612412500003,806.9221004258702
100000000001000000000000000000000000000000000000000000000000,0.03432705782835571,1655.2204485317989
100000000000000000000000000000000100000000000000000000000000,0.021025948837500003,1225.657101349792
100000000100000000000000000000000000000000000000000000000000,0.006518725510693511,1490.7036366637658
100000000000000010000000000000000000000000000000000000000000,0.021025948837500003,681.8396383088435
100000001000000000000000000000000000000000000000000000000000,0.025025137500000003,1042.4627814326127
100000000000000000000000000000000000000000000000100000000000,0.0327478624125,863.2672778625799
100001000000000000000000000000000000000000000000000000000000,0.0756736769625,708.6913272842086
100000000000000000000000000000000000000001000000000000000000,0.07860407696249999,802.8223926011085
100000000000000000010000000000000000000000000000000000000000,0.021025948837500003,699.5364325560265
100000000000000000000000001000000000000000000000000000000000,0.021025948837500003,1072.650525831711
100000000000000100000000000000000000000000000000000000000000,0.021025948837500003,879.3706971066101
100000000000000000000000000000001000000000000000000000000000,0.023618580000000004,1100.5419373521152
100000000000000000000000000000000010000000000000000000000000,0.0360113765375,1029.62181505575
100000000000000000000000000000000000000001000000000000000000,0.07860407696249999,802.8223926011085
100000000000000000000000000000001000000001000000000000000000,0.08119670812499999,1471.8079698192928
100000000000000000000000000000000100000001000000000000000000,0.07860407696249999,1596.9231338169698
100000000000000000000000000000010000000001000000000000000000,0.07860407696249999,1061.4932068314688
100001000000000000000000000000000000000001000000000000000000,0.08119916446249999,1050.582127487843
100000000000000000000000000100000000000001000000000000000000,0.07860407696249999,1242.795438068136
100000000000000000000001000000000000000001000000000000000000,0.09747826663960728,1805.1502849588874
100010000000000000000000000000000000000001000000000000000000,0.07974072071249999,980.0876975709489
100000000000000000001000000000000000000001000000000000000000,0.08119670812499999,1480.8426837958084
100000000000000000010000000000000000000001000000000000000000,0.07860407696249999,1070.6736625921155
100010000000000000000000000000000000000001000000000000000000,0.07974072071249999,980.0876975709489
100000000000000000000000001000000000000001000000000000000000,0.07860407696249999,1443.9165582988887
100000000000000000000000000000000000000001000000000010000000,0.07917239883749999,1056.5426394493709
100000000000000001000000000000000000000001000000000000000000,0.0801765769625,1137.4064397646234
100000000000000001000000000000000000000001000000000000000000,0.0801765769625,1137.4064397646234
100000000000000000000000000000000000000001000000000000000001,0.10271033469822172,1812.1269392831255
100000000000000000000001000000000000000001000000000000000000,0.09747826663960728,1805.1502849588874
100000000000010000000001000000000000000001000000000000000000,0.09715165771114549,1924.957761465746
100000000000000100000001000000000000000001000000000000000000,0.08469259466986108,2065.8431642543774
100000000000000000000001000000000000000001000000000000000010,0.09747826663960728,2435.1552733281655
100000000000000000100001000000000000000001000000000000000000,0.09318215742258938,2109.936006912202
100000000000000000000001000000000000000001000000000010000000,0.09804658851460728,2058.8705318071497
100000000000000000000011000000000000000001000000000000000000,0.09103410281408045,2778.8169563426263
100000000000000100000001000000000000000001000000000000000000,0.08469259466986108,2065.8431642543774
100000000000000000000001000000000000000001000000000000000100,0.10116421616472773,2670.9999598298723
100000000000000000000001000000010000000001000000000000000000,0.09747826663960728,2063.8210991892474
100000001000000000000001000000000000000001000000000000000000,0.10147745530210728,2416.0567062575687
100000000000000000000001000000000000000101000000000000000000,0.09718419058549241,2348.3831852932344
100000000000000000100001000000000000000001000000000000000000,0.09318215742258938,2109.936006912202
100000000000000000000001000000000000010001000000000000000000,0.1301698473146073,1863.4695844122566
100000000000000000000000000000000000000001000000000000000000,0.07860407696249999,802.8223926011085
100000000000000000000000000000000100000001000000000000000000,0.07860407696249999,1596.9231338169698
