config,science,cost
000000000000000000000000000000000000000000000000001000000000,0.006083620130177763,669.211364498631
000000000000000000100000000000000000000000000000001000000000,0.006083620130177763,927.7167369947126
000000000000000000000000000010000000000000000000001000000000,0.006083620130177763,880.5889792374583
000000000000000000000000000000100000000000000000001000000000,0.006083620130177763,920.0108560074091
000000000000000000000000000000000000000000000000001000000010,0.0040557467534518415,1633.4864653719656
000000000000000000000000100000000000000000000000001000000000,0.027109568967677765,1081.8275882331907
000000000000000010000000000000000000000000000000001000000000,0.006083620130177763,919.4946426735436
000000000000000000000100000000000000000000000000001000000000,0.006083620130177763,1529.9773711772118
000000000000000000000000000000000000001000000000001000000000,0.053022353149597204,1310.3685303190723
000000000000000000000000000000000000001000000000001000000000,0.053022353149597204,1310.3685303190723
000000000000000000001000000000000000000000000000001000000000,0.008377573880177763,1347.2316556933306
000000000000000000000000000000000000000000010000001000000000,0.035526521480177764,927.9056414715458
000000100000000000000000000000000000000000000000001000000000,0.020545717630177762,928.4353911098264
000000000000000000000000000000000000001000000000001000000000,0.053022353149597204,1310.3685303190723
000000000000000000000000000000000001000000000000001000000000,0.04057395057536384,1687.243790286955
000000000000000000000010000000000000000000000000001000000000,0.006083620130177763,1293.3914400165427
000000000000000001000000000000000000000000000000001000000000,0.06022768575517776,1033.170643925689
000000000000000100000000000000000000000000000000001000000000,0.006083620130177763,1116.886782708184
000000000000000000000000000000000010000000000000001000000000,0.021069047830177764,1267.27681942045
000000000000000000000000000000000000001000000000000000000000,0.03801482030135316,641.1571658204413
000000000000000000000000000000000000001000000000001000000000,0.053022353149597204,1310.3685303190723
000001000000000000000000000000000000001000000000001000000000,0.1071664187745972,1676.3039682407925
000000000000000000000000000000000000101000000000101000000000,0.0758242664756473,2422.6740251505826
000000000000000000001000000000000000101000000000101000000000,0.0777862654621724,3100.6943163452825
000000000000000000000100000000000000101000000000101000000000,0.0758242664756473,3283.4400318291637
000000000000000000000000000000000000101000000000101100000000,0.09856522103372356,2670.2215966231356
000001000000000000000000000000000000101000000000101000000000,0.12996833210064726,2788.6094630723032
000001000000000000000000000000001000101000000000101000000000,0.1334596335871724,3457.5950402904873
000001000000000000000000000000100000101000000000101000000000,0.12996833210064726,3039.408954581081
000001000000000000000000000000000000101000000000001000000000,0.12070155993272338,2239.8419457361306
000001000100000000000000000000000000101000000000001000000000,0.07807879597812603,3224.4593227821733
000001000000000000000000000000000000101000000000001100000000,0.14762240331030516,2496.1268073871834
000001000000000000000000000000000000101000000000101000000000,0.12996833210064726,2788.6094630723032
100001000000000000000000000000000000101000000000101000000000,0.13362558548914938,3131.365352434791
000011000000000000000000000000000000101000000000101000000000,0.13607394563197095,2972.5201955914886
000001000000000000000000000000000000101000000000001000000000,0.12070155993272338,2239.8419457361306
000001000000000000000000000000000000101000000000001100000000,0.14762240331030516,2496.1268073871834
000001000000000000000000000000000000101000000000011100000000,0.1504905634841831,2614.0641980253704
000001000000000000000000000000000000101000000000001000000000,0.12070155993272338,2239.8419457361306
000001001000000000000000000000000000101000000000001000000000,0.12417425079243366,2833.872299034975
000001000000000000000000000000000000101000000000101000000000,0.12996833210064726,2788.6094630723032
000001000000000000000000100000000000101000000000101000000000,0.1343988905766494,3163.700701512413
000001100000000000000000000000000000101000000000101000000000,0.14394423156178923,2949.862674264581
010001000000000000000000000000000000101000000000101000000000,0.1387518312202914,2852.9748952938317
000001000000000000000000000000000000101000000000001000000000,0.12070155993272338,2239.8419457361306
000001000000000001000000000000000000101000000000001000000000,0.1257081224327234,2603.801225163189
000001000000000000000000000000000000101000000000001100000000,0.14762240331030516,2496.1268073871834
000001000000000000000000000100000000101000000000001100000000,0.14762240331030516,2936.0998528542104
000001000000000000000000000000000000101000000000001100001000,0.14749236962557263,3553.2951414012223
000001000000000000000000000000000000101000001000001100000000,0.1369592741226799,3526.9688990955838
000001000000000000000000000000000000101000000000000100000000,0.15168198261942323,2019.03894460309
000001000001000000000000000000000000101000000000001100000000,0.13016828015528356,3640.3879135985944
000001000001000000000000000000000000101001000000001100000000,0.12548115842317373,4068.9411370975213
000001000000000000000000000000000000101000000000001100000000,0.14762240331030516,2496.1268073871834
000001000000000000000001000000000000101000000000001100000000,0.1661438577988409,3498.4546997449615
000001000000100000000001000000000000101000000000001100000000,0.1665973059095954,4066.027205415675
000001000000000000000001000100000000101000000000001100000000,0.1661438577988409,3938.4277452119886
000001000000000000000001000000000001101000000000001100000000,0.16964934339811258,4416.22920899
000001000000000000000001000000000001101000000000001100100000,0.17367327539771257,4707.032337949961
000001000000000000000001000000000000101000000000001100000000,0.1661438577988409,3498.4546997449615
000001000000000000000001000000000000101000000001001100000000,0.13213289441468648,4215.253413612293
000001000000000000000001000000000000101000010001001100000000,0.13423141098067964,4499.380748497551
000001000000000000000001000000000000101000000000001100000001,0.1673193743886335,4323.474410803591
000001000000000000000001000000000000101000000000001100000000,0.1661438577988409,3498.4546997449615
000001000000000000000001000000000001101000000000001100000000,0.16964934339811258,4416.22920899
000001000000000000000001000000000001101000010000001100000000,0.1647832615102242,4707.906240170379
000001000000000000000001000000000000101000000000001100000000,0.1661438577988409,3498.4546997449615
000101000000000000000001000000000000101000000000001100000000,0.14744270859396325,4053.018769585038
000001000000000100000001000000000000101000000000001100000000,0.15362356876379607,3759.147579040453
000001000000000000000101000000000000101000000000001100000000,0.15181251218743422,4190.809704134671
000001000000001000000001000000000000101000000000001100000000,0.15514910693176912,3991.339112774034
000001000000000000000001000000000000101000000000001110000000,0.164964816581438,3799.7584156842477
000001000000000000000001000000010000101000000000001110000000,0.164964816581438,4058.429229914608
000001000000000000000001000000000000101010000000001100000000,0.16445641010517878,3704.8223095108906
000001000000000001000001000000000000101010000000001100000000,0.1618947458518799,4200.116846812263
000001000000000000000001000010000000101000000000001100000000,0.1661438577988409,3709.8323144837887
000001000000000000000001000010000100101000000000001100000000,0.1661438577988409,4488.54773576378
000001000000000000000001000000000000101000000000001100000000,0.1661438577988409,3498.4546997449615
000001000000000010000001000000000000101000000000001100000000,0.1629283967129418,3807.531380465865
000001000000000010000011000000000000101000000000001100000000,0.15802318225482043,4795.484627406149
000001000000000000000001000000000000101000000000001100000000,0.1661438577988409,3498.4546997449615
000011000000000000000001000000000000100000000000001100000000,0.12796711594889354,2890.387264189596
000011000000000000000001000000000000101000000000001100000000,0.17224947133016455,3682.365432264147
000011000000000000000001000000000000101000000000000100000000,0.17295740541072044,3205.277569480054
000011000000000000000001000000000000101000000000001100000001,0.17342498791995717,4507.3851433227765
000011000000000000000001000000000000101000000000011100000000,0.17519347177414848,3800.302822902334
000011000000000000000001000000000000111000000000011100000000,0.18856852403299224,3908.019867753572
000011000000000000000001000000000000101000000000001100000000,0.17224947133016455,3682.365432264147
000011000000000000000001000000000000111000000000001100000000,0.18803266316132744,3790.082477115385
000011000000000000000001000000010000111000000000001100000000,0.18803266316132744,4048.7532913457444
000011000000000000000001001000000000111000000000001100000000,0.18803266316132744,4431.176642813164
000011000000000000001001000000000000111000000000001100000000,0.18420456230761262,4855.800186871167
000011000000010000000001000000000000111000000000001100000000,0.1876659831329371,3909.8899536222434
000011000000010000000001000000000000111000010000001100000000,0.17851249857750695,4200.7939089960255
000011000000000000000001000000000000111000000000001100000000,0.18803266316132744,3790.082477115385
