config,science,cost
000000000000000000000000000000000000000000000000000000000001,0.057578128125,371.2660324671776
000000000000000000000010000000000000000000000000000000000001,0.058714771874999995,624.98627931544
000000000000000000000000000000000000000000000000000000000011,0.07591210883437499,477.6670234435528
000000000000000000000000000000000000000000000000000000000111,0.059621556455690686,1115.0938872519353
000000000000000000000000000000000000000000000000000000000011,0.07591210883437499,477.6670234435528
000000000000000000000000000000000100000000000000000000000011,0.07591210883437499,925.3424416531057
000000000000000000000000000000000000000000000100000000000011,0.07591210883437499,917.6400689105801
000000000000000000000100000000000000000000000000000000000011,0.11606477032421567,926.0753868091429
000000000000000000000100000000000000000000001000000000000011,0.11606477032421567,1567.1695525069226
000000000000000000000100000000001000000000000000000000000011,0.11606477032421567,1592.9457630541983
000000000000000000000100000000000000000000000000000000000011,0.11606477032421567,926.0753868091429
000000000000000000000100000000000000000000000000000000001011,0.1061086499066349,1749.2629428239657
000000000000000000000100000000000000000000000000000000000011,0.11606477032421567,926.0753868091429
000000000000000000000100000000000000000000000000000000010011,0.14654451227646567,984.9608788627065
000000000000000000000100000000000000000000100000000000010011,0.16978229983671567,1397.5771025972663
000000000000000000000100000001000000000000100000000000010011,0.18392805907793128,2399.904994955045
000001000000000000000100000000000000000000100000000000010011,0.18916012713654576,2406.881649279283
000000000000000000000100000000000000000000100000000001010011,0.1180193941245262,2650.7162796320818
000000000000000000000100000000000000000000100000000000010011,0.16978229983671567,1397.5771025972663
000000000000000000000100000000000000000000100000000010010011,0.15444792617579872,2746.1901176723604
000000000000000000000100000000000000000010100000000000010011,0.18273982983671566,1920.8983975992624
000000000000000000000100000000000000000000100000000000010011,0.16978229983671567,1397.5771025972663
000000000000000000000100000010000000000000100000000000010011,0.17175055348671567,2021.7571781151782
000000000000000010000100000000000000000000100000000000010011,0.16122012872440022,2344.1270997894435
000010000000000000000100000000000000000000100000000000010011,0.17273468031171568,2027.582090966545
000000000000000000000100000000000000000000100000000000010011,0.16978229983671567,1397.5771025972663
000000000000000000000100000000000000000000100000000010010011,0.15444792617579872,2746.1901176723604
000000000000000000000100000000000000000000100000000000010011,0.16978229983671567,1397.5771025972663
000000000000000000000100000000000000000000100000100000010011,0.19069911987246008,2117.8479448337903
000000000000000000000100000000000000000000100000110000010011,0.1587340752904749,2395.429215957067
000000000000000000000100000000000000010000100000100000010011,0.19069911987246008,2280.1317741739576
000000000000000000000100010000000000000000100000100000010011,0.19069911987246008,2385.6992148247973
000000000000010000000100000000000000000000100000100000010011,0.18563974562793964,2435.4833973144277
010000000000000000000100000000000000000000100000100000010011,0.20685823213176727,2386.552955894012
010000000000000000000100000000000000000000100000101000010011,0.17582439732226968,3396.9942032188656
010000000000000000000100000000000000000000100000100000010011,0.20685823213176727,2386.552955894012
010000000000000000000100000000000000000000100000100000010011,0.20685823213176727,2386.552955894012
010000000000000000000100001000000000000000100000100000010011,0.20798783780171598,3064.573247088712
010000000000000000000100000000000000000000100000100000010011,0.20685823213176727,2386.552955894012
010000000000001000000100000000000000000000100000100000010011,0.2018021402415767,3449.5370254319214
011000000000000000000100000000000000000000100000100000010011,0.20798783780171598,2992.4490459905574
010000000000000000000100000000000000000000100000100000010011,0.20685823213176727,2386.552955894012
010000000000000000000100000000000000000000100000100100010011,0.11495785818981841,2970.463911868771
010000000000000000000100000100000000000000100000100000010011,0.20685823213176727,3247.3189625725927
010000000000000100000100000000000000000000100000101000010011,0.1511489804549757,4062.6774129044416
010100000000000000000100000000000000000000100000101000010011,0.17050880742381877,4311.78932642594
010000000000000000000100000000000000000100100000101000010011,0.1596222468463746,4346.635461579197
010000000000000000000100000000000000000000100000101000010011,0.17582439732226968,3396.9942032188656
010000000000000000000100000000000000000000100000101000010011,0.17582439732226968,3396.9942032188656
010000000000000000000100000000000000000000100000101000010011,0.17582439732226968,3396.9942032188656
010000000000000000000100000000000000000000100000101000010011,0.17582439732226968,3396.9942032188656
010000000000000000000100000000000000000000100000101000010011,0.17582439732226968,3396.9942032188656
010000000000000000000100000000000000000000100000101000010011,0.17582439732226968,3396.9942032188656
010000000000000000000100000000000000000000100000000000010010,0.13611224708176364,1400.912639332345
010000000000000000000100000000000000000000100000000000000000,0.08615869512238865,1129.9359171865783
010000000000000000000100000000000000000000000000000000000000,0.06589739753488864,717.2235917385208
000000000000000000000000000000000000000000000000000000000000,0.0,0.0
000000000000000000000000000000000000000000000000100000000000,0.0144620975,250.88035225693346
000000000000000000000000000000000000000000000000101000000000,0.02811320125,825.3380915167747
000000000000000000000000000000000000000000000000101000000010,0.043889394533615844,1705.1359659708924
000000000000000000000000000000000000000000000000101000000011,0.07444444468627362,2160.6452967312025
000000000000000000000000000000000000000000000000101000100011,0.08845467034615351,2757.6388853772155
010000000000000000000000000000000000000000000000101000100011,0.11068029389260273,3026.3438964374373
010000000000000000000000000000000100000000000000101000100011,0.11068029389260273,3474.01931464699
010000000000000000000000000000000100000000010000101000100011,0.11068029389260273,3638.307661215323
010000000000000000000000000000000100000000010000000000100001,0.10378983821250001,1553.9387382443451
010000000000000000000000000000000100000000010000000000100000,0.0457080475875,1293.593244833323
010000000000000000000000000000000100000000010000000000000000,0.02544675,880.780335963161
010000000000000000000000000000000100000000000000000000000000,0.02544675,716.4920803125995
010000000000000000000000000000000000000000000000000000000000,0.02544675,268.75502213727935
000000000000000000000000000000000000000000000000000000000000,0.0,0.0
000000000000000000000000000000000000000000000000000000000001,0.057578128125,371.2660324671776
000000000000000000000000000000000000000000000000000000000011,0.07591210883437499,477.6670234435528
000000000000000000000000000000000000000000000100000000000011,0.07591210883437499,917.6400689105801
000000000000000000000000000000000100000000000000000000000011,0.07591210883437499,925.3424416531057
000000000000000000000000000000000000000000000000000000000011,0.07591210883437499,477.6670234435528
000000000000000000000100000000000000000000000000000000000011,0.11606477032421567,926.0753868091429
000000000000000000000100000000000000000000000000000000010011,0.14654451227646567,984.9608788627065
000000000000000000000100000000000000000100000000000000010011,0.14654451227646567,1779.0616200785676
000000000000000000000100000000000000000000000000000100010011,0.07027040134242361,2019.1068011085208
000000000000000100000100000000000000000000000000000000010011,0.11950859352248873,1650.644088548283
000000000000000000000100000000000000000000000000000000010011,0.14654451227646567,984.9608788627065
000100000000000000000100000000000000000000000000000000010011,0.15366810657265728,1850.8105537336914
000000000000000000000100000000000000000000000000000000010011,0.14654451227646567,984.9608788627065
010000000000000000000100000000000000000000000000000000010011,0.1671630883524833,1253.6658899229285
010000000000000000000100000000000000000000000000001000010011,0.16866111500058956,2726.1742113967593
010000000000000000000100000000000000001000000000000000010011,0.1679277396024833,1922.6514671411123
010000000000000000000100001000000000000000000000000000010011,0.1679277396024833,1931.6861811176282
010000000000001000000100000000000000000000000000000000010011,0.16188227157200785,2316.6499594608376
011000000000000000000100000000000000000000000000000000010011,0.1679277396024833,1859.5619800194736
010000000000000000000100000000000000000000000000000000010011,0.1671630883524833,1253.6658899229285
010000000000000000000100000000000000000000000000100000010011,0.18659693454426723,1973.9367321594523
010000000000000000000100000000000000000000000000101000010011,0.15552478019410892,2984.377979484306
010000000000000000000100000000000000000000000000100000010011,0.18659693454426723,1973.9367321594523
010000000000000000000100000000000000001000000000100000010011,0.18745103405171595,2642.9223093776363
