config,science,cost
000000000000000000000000000000000000000000000000100000000000,0.0314321988375,431.63363893128997
000000000000000000000000000000000000010000000000100000000000,0.0636201170125,595.9295212967081
000000000000000000001000000000000000000000000000100000000000,0.034024830000000006,1109.5766513286308
000000000000000000000000000000000000001000000000100000000000,0.06944701913885316,1072.7135259543722
000000000000000000000000000000001000000000000000100000000000,0.034024830000000006,1100.5419373521152
000000000000000000000000000000000000000000010000100000000000,0.060110448937500005,690.3848060184132
010000000000000000000000000000000000000000000000100000000000,0.0438589819625,598.9365807566595
000000000000000000000000000000000000000000000000100000000001,0.0497659471816443,1655.2204485317989
000000000000000000000000000010000000000000000000100000000000,0.0314321988375,642.9339748727582
000000000000000000000000000000000000000000010000100000000000,0.060110448937500005,690.3848060184132
000100000000000000000000000000000000000000000000100000000000,0.07835451209412099,880.1022085325314
000000000000000000000000000000000000000001000000100000000000,0.08901032696250001,802.8223926011085
000000000010000000000000000000000000000000000000100000000000,0.0314321988375,1061.5613485032095
000000000000000000000000000000000000000000000000100000001000,0.03543138750000001,1042.4627814326127
000000000000001000000000000000000000000000000000100000000000,0.0314321988375,1098.4267363789863
000000000000000000000000000000000000000100000000100000000000,0.07793477205557113,871.695323412976
000000000000010000000000000000000000000000000000100000000000,0.0314321988375,598.669400764911
000000000000000000000000000000000000000000000000100010000000,0.03200052071250001,608.8216651037712
000000000000000000100000000000000000000000000000100000000000,0.0314321988375,690.1963681608697
000000000000000000000000000000000000000000000000100000000100,0.010111347835178423,1490.7036366637658
000000000000000100000000000000000000000000000000100000000000,0.0314321988375,879.3706971066101
000000000000000000000000000000000000000000000000100000010000,0.059096500087500003,608.5208736974487
000000000000000000000000100000000000000000000000100000000000,0.0327478624125,806.8212411837891
000000000000000000000000100000000000000000000000100000000000,0.0327478624125,806.8212411837891
000000000000000000000010000000000000000000000000100000000000,0.0314321988375,1055.7364356518428
000000000000000001000000000000000000000000000000100000000000,0.08557626446250001,795.515639560989
000000000000010000000000000000000000000000000000100000000000,0.0314321988375,598.669400764911
000000000000000000000000000000000000000000010000100000000000,0.060110448937500005,690.3848060184132
000000000000000000000000000000000000000000000001100000000000,0.05976520140535611,1449.7716696358002
000000000000000000000000000000000000000001000000100000000000,0.08901032696250001,802.8223926011085
000000000000000000000001000000000000000001000000100000000000,0.10788451663960727,1805.1502849588874
000000000001000000000000000000000000000001000000100000000000,0.10437903104033558,1812.1269392831255
000000000000000100000000000000000000000001000000100000000000,0.08901032696250001,1250.4978108106613
000000000000000000000000000000000000000001000000000000000000,0.057578128125,371.2660324671776
000000000000001000000000000000000000000001000000100000000000,0.08901032696250001,1469.692768846164
000000000000000000000000000000000000000001000000110000000000,0.10143711008750002,869.1439280779152
000000000000000000000000000000000000001001000000100000000000,0.0951413677251334,1534.8019274732687
000000001000000000000000000000000000000001000000100000000000,0.09160295812500001,1486.192148229629
000000000000000000000000100000000000000001000000100000000000,0.09032599053750003,1177.9136310412184
000000000000000000000100000000000000000001000000100000000000,0.08901032696250001,1663.5883992796894
000000000000000000000000000000100000000001000000100000000000,0.08901032696250001,1053.6218841098867
000000000010000000000000000000000000000001000000100000000000,0.08901032696250001,1432.8273809703871
000000000000000000000000000000000000000001000000100000000001,0.0967204942610717,2026.4864809989765
000000000000000000000010000000000000000001000000100000000000,0.08901032696250001,1427.0024681190205
000000000000000000000000000000000000000001000000100100000000,0.11338902944777508,1418.668227195598
000000000000000000000000000000000000000001000000100000010000,0.11667462821249999,979.7869061646263
000000000000000000000000000000000000000001000000100000000100,0.06768947596017842,1861.9696691309434
000000000000010000000000000000000000000001000000100000000000,0.08901032696250001,969.8612401223475
000000000000000000000000000000000001000001000000100000000000,0.10681473705746986,1820.8548183894322
000000000000000000000000000000000000000001000000100001000000,0.09802757383750002,1050.582127487843
100000000000000000000000000000000000000001000000100000000000,0.09032599053750003,1234.3787527350396
000000000000000000000000000000000000000001000000100000001000,0.09300951562500001,1413.7288138997903
000000000000000000000000000000000000000001000000100000001000,0.09300951562500001,1413.7288138997903
000000000000000000000000000000100000000001000000100000000000,0.08901032696250001,1053.6218841098867
000000000000000000000000100000000000000001000000100000000000,0.09032599053750003,1177.9136310412184
000000000000000000000000000000000000000001000000100000010000,0.11667462821249999,979.7869061646263
000000000000000000000000000000000000010001000000100000010000,0.1487978619625,1038.1062056179956
000010000000000000000000000000000000000001000000100000010000,0.11781127196249999,1233.5071530128887
000000001000000000000000000000000000000001000000100000010000,0.117714785625,1663.1566617931467
000000000000001000000000000000000000000001000000100000010000,0.11667462821249999,1646.6572824096816
000000000000000001000000000000000000000001000000100000010000,0.1182471282125,1314.3709533281412
000000000000000000000000000000000000000001000000100000011000,0.116926963125,1600.5110725603354
000001000000000000000000000000000000000001000000100000010000,0.1182471282125,1316.3471118228035
000000000000000000000000000000000000010001000000100000010000,0.1487978619625,1038.1062056179956
000000000000000000000000000000000100010001000000100000010000,0.1487978619625,1832.2069468338568
000000000000000000000000000000010000010001000000100000010000,0.1487978619625,1296.7770198483558
000000000000000000000000000000000000010001000001100000010000,0.11563676398950323,2217.5379160475095
000000000000000000000000000000000000010001000000100001010000,0.1573114463375,1302.5955551300426
000000000000000000000000000000001000010001000000100000010000,0.14983801937500002,1707.0917828361798
000000000000000000000010000000000000010001000000100000010000,0.1507959376375,1662.2862811359073
000000001000000000000000000000000000010001000000100000010000,0.14983801937500002,1721.475961246516
000000000000000000000000000000000000010101000000100000010000,0.12579868403981995,1630.5824922662305
000000000000000010000000000000000000010001000000100000010000,0.1487978619625,1288.389483792908
000100000000000000000000000000000000010001000000100000010000,0.1824788577306083,1486.5145689835856
000000000000000000000000000000000100010001000000100000010000,0.1487978619625,1832.2069468338568
000000000000000000000000000000000001010001000000100000010000,0.16660227205746986,2056.1386314063193
000000000000000010000000000000000000010001000000100000010000,0.1487978619625,1288.389483792908
001000000000000000000000000000000000010001000000100000010000,0.15577765786728587,1707.3175701166265
000000000000000000000000000000100000010001000000100000010000,0.1487978619625,1288.9056971267737
000000000000010000000000000000000000010001000000100000010000,0.1487978619625,1205.1450531392343
000000000000000000000000000000000000010001000000100000010100,0.10266892132212016,2259.1549312951856
000100000000000000000000000000000000010001000000100000010000,0.1824788577306083,1486.5145689835856
000100000000000001000000000000000000010001000000100000010000,0.18457028273060833,1821.2188246212847
000100000000000000000000000000000000010001000000100000110000,0.2051931577306083,1662.4522990161345
000100010000000000000000000000000000010001000000100000010000,0.17710574194559991,1804.1500214642233
000100100000000000000000000000000000010001000000100000010000,0.1809622096064819,1785.710709044778
000100000000000000000000000000010000010001000000100000010000,0.1824788577306083,1745.185383213946
000100000000000000000000000000000000010001000000100000010001,0.16147865068505113,2852.4276993286194
000100000000000000000000000010000000010001000000100000010000,0.1824788577306083,1697.892183722413
000100000000000000000000000000000001010001000000100000010000,0.19707851397880433,2504.5469947719093
000100000000000000000000000000000000010001000000100000110000,0.2051931577306083,1662.4522990161345
000100000000000000000000000000000000010001000000100000110000,0.2051931577306083,1662.4522990161345
000100000000000000000000000001000000010001000000100000110000,0.20841782335560832,2033.6658421407587
000100000000000000000000000000000000010001000000100100110000,0.15865482566508549,2555.7608258865057
000100000000000000000000000000000000010001010000100000110000,0.2105133602306083,1817.0961631443997
