config,science,cost
000000000000100000000000000000000000000000000000000000000000,0.0144620975,259.2800180585232
000000000000000000000000100000000000000000000000000000000000,0.0,258.5627292295798
100000000000000000000000000000000000000000000000000000000000,0.0144620975,259.2800180585232
100000000000100000000000000000000000000000000000000000000000,0.0144620975,518.5600361170464
100000000000000000000000100000000000000000000000000000000000,0.0144620975,517.842747288103
100000000000000000000000000000000000100000000000000000000000,0.0144620975,510.14060047885664
100000000000000000000000000000000000000000000000000000000000,0.0144620975,259.2800180585232
100000000000000100000000000000000000000000000000000000000000,0.016494996333087927,1125.0737014821802
100000000000000000000000000100000000000000000000000000000000,0.0144620975,1119.990033289776
100000000000000100000000000000000000000000000000000000000000,0.016494996333087927,1125.0737014821802
100000000000000000000000000000000000000000000000000000000000,0.0144620975,259.2800180585232
100000000000000000000000000000000000000000000000000100000000,0.018237705450390825,1053.4600404873186
100000000000000000000000000000000000000000000000000000000000,0.0144620975,259.2800180585232
100000000000000000000000000000000000000000000000000100000000,0.018237705450390825,1053.4600404873186
100000000000000000000000000000000000000100000000000000000000,0.0144620975,1053.3247678270563
100000000000000000000000000000000000000000000000000000000000,0.0144620975,259.2800180585232
100000000000000000000000000100000000000000000000000000000000,0.0144620975,1119.990033289776
100000000000000000000000000100000000000010000000000000000000,0.0294475252,1718.0554882115948
100000000000000000000000000100000000000011000000000000000000,0.04574612152588742,3035.050757844201
100000000000000000000000000100000000000011100000000000000000,0.048031672538108534,3601.490641871602
100000000000000000000000000100000000000011110000000000000000,0.04771555938194684,3717.920320264163
100000000000000000000000000100000000000011111000000000000000,0.03679219176038263,4123.418608993054
100000000000000000000000000100001000000011110000000000000000,0.04771555938194684,4196.714597450309
100000000000000000001000000100000000000011110000000000000000,0.053799179512124595,4387.131684762794
100000000100000000001000000100000000000011110000000000000000,0.07734181143449612,4875.512161578381
100000000100000000001000000100000010000011110000000000000000,0.07734181143449612,5164.132906416201
100000000100000000001000000100000010000011110001000000000000,0.08889892083760384,5627.912834737203
100000000100000000001000000100000011000011110000000000000000,0.08467554964848642,5669.533154454565
100000000100000000001001000100000010000011110000000000000000,0.10390783092898007,5647.651266570499
100000000100000000001001000100000010000011110000000000000000,0.10390783092898007,5647.651266570499
100000000100000000001001000111100010000000010000000000000000,0.08958082629647027,5813.288625891969
100000000100000000001001000101100010000010010000000000000000,0.10496619353042023,5249.0299312431525
100000000100000000001001000101100010000010010000000000000000,0.10496619353042023,5249.0299312431525
100000000100000001101001000100000010000010010000000000000000,0.08942524904940427,5196.646125592993
000000000000000000000000000000000000000000000000000000000000,0.0,0.0
100000000000000000000000000000000000000000000000000000000000,0.0144620975,259.2800180585232
100000000000010000000000001000000000000000000000000000000000,0.03756855125,1205.949328866117
100000000000010000000000001000000000000100000000000000000000,0.03756855125,2000.050070081978
100000000000010000000000001000000000000100000000000010000000,0.054522232600000005,2598.2673633043323
100000000000010000000000001000000000000100000010000010000000,0.054522232600000005,2794.25965810729
100000000000010000000000001000001000000100000010000010000000,0.054208993124106056,3830.1879682367016
100000000000010000000000001000000000000100000010000010001000,0.07520723945210203,3743.9015733292526
100000000000010000000000001000000000000100000010000010001100,0.08073134829954846,3969.270828470325
100000000000010000100000001000000000000100000010000010001100,0.10578623700911426,4309.086691107552
100000000000010000100000001000010000000100000011000010001100,0.11348193271832344,4846.647004790322
100001000000010000100000001000010000000100000011000010001100,0.13262171948021417,5903.841218632775
100001000000010000100000001000010100000100000011000010001000,0.12763783716158159,6554.895110590767
100001000000010000100100001000010000000100000011000010001000,0.12313632352284551,6453.478935139987
100001000100010000100000001000010000000100000011000010001000,0.12540791919244487,5943.863874503868
100001000000010000100000001000010100000100000011000010001000,0.12763783716158159,6554.895110590767
100001000000010000100000001000010000000100000111000010001000,0.12730116445535153,5905.36223548568
100001000000110000100000001000010000000100000111000010001000,0.1452569954461909,6081.2999655182275
100001000000110000100000011000010000000100000111000010001000,0.1452569954461909,6271.319472976704
100001000000110000100000011000010000000100000111000010001000,0.1452569954461909,6271.319472976704
100001000000110000100000011000010000001100000111000010001000,0.14508921742813238,7380.327905541681
101001000000110000100000011000010000000100000111000010001000,0.14138425560638773,7348.7091804524025
100001000000110000100000011000010000000100000111000010001000,0.1452569954461909,6271.319472976704
100101000000110000100000011000010000000100000111000010001000,0.12780370927291923,6957.656274517558
100001100000110000100000011000010000000100000111000010001000,0.14485982812459686,6907.234467987773
110001000000110000100000001000010000000100000111000010001000,0.1401210545960921,6413.570501875143
110001000000110000100000001000010000000100000110000010001001,0.14921238630954073,6397.836105141323
110001000000110000100000001000110000000100000110000010001001,0.14921238630954073,6753.003793310872
110001000000110000100000001000110000000100000111000010001000,0.1401210545960921,6768.738190044694
110001000000110000100000001000110001000100000110000010001000,0.18356101843515663,6585.101665620161
110001000000110000100000001000110001000100000111000010001000,0.18565244343515663,7001.089934906622
110001000000111000100000001000110001000100000110000010001001,0.17118201808403877,8725.067695197722
111001000000110000100000001000110001000100000110000010001001,0.1791568238275631,8049.586171313133
110001000000110000100000001000110001000100000110000010001001,0.1815505427215927,6985.82792166529
110001000000110000100000001000110001000100000110000010011001,0.18981177896970086,7092.085398667088
110001000000110000100000001000110001000100010110000010001001,0.1815505427215927,7114.092921852038
110001000000110000100000001000110001000100000111000010011000,0.19522113235615662,7107.873068417286
110001000000110000100000001000110001000100000110000010011001,0.18981177896970086,7092.085398667088
110001000000110000100000001000110001000100000110000010011001,0.18981177896970086,7092.085398667088
110001000000110001100000001000110001000100000110000010011001,0.17028220776426717,8589.135668466184
110001000000110000100000001000110001000101000110000010011001,0.19880251971452015,7808.399504734258
110001000000110000100000001000110001000101001010000010010101,0.19556974731044469,7809.8977683611865
110001000000110000100000001000110001000101001001000010010110,0.19935748513964072,7804.708180862022
110001000000100000100001011000110000000101001001000010010110,0.1857203927628834,7811.177366149732
110001000000110000100000001000110001000101011000000010000111,0.1902916336044203,7810.173862989781
000000000000000000000000000000000000000000100001000001111000,0.11204231999295106,2797.303030404588
000000000000000000000000000000000000000000000000000000110000,0.05321386701250001,471.9963656786398
000000000000000000000000000000000000000000000001000000000000,0.057578128125,371.2135431246241
000000000000000000000000000000000000000000000000000000000000,0.0,0.0
000000000000000000000000100000000000100000000000000000000000,0.0,509.4233116499132
000000000000000000000000100000000000110000000000000000000000,0.0,669.9945822954137
000000000000001000000000101000000000110000000000000100000000,0.008433029200390825,2745.393116810344
000101010000001100100000101010000000110010000000000001100000,0.07164155501982382,9928.560010674202
000101010000101010000000110010000000001100000000010001100000,0.07765872903205961,9628.812234086357
010001100000101010000000110010000000001100000000000101010000,0.09084255400393859,9600.793738640961
010001100000101010000000110100000000001010000000000101010000,0.10436204148303957,9519.541382745118
000000000000000000000000000000000000000000000000011011100000,0.03297817884329935,3812.2257465996217
000000000000000000000000000000000000000000000000000000000000,0.0,0.0
000000000000000000000000000000000000000000000000000000100000,0.021025948837500003,412.71697524122806
000000000000101001000000110000000000011000000000000000000000,0.036635806810477,3602.3966095929895
000000100000101001000000110000000000011000000000000000000000,0.06215281917068145,4033.952969726921
