config,science,cost
001001000000010010100000000000010000000010000000000000000010,0.1092581266147924,5134.7932333560075
000010001110100000000000000000011000100000100000100000001000,0.10256781557214023,4745.662062268763
000100000000000000000001001000000000010000100001000100010000,0.10091017693939497,3633.646826568437
000000001001000000000001000000000000000000000010010000100000,0.11781988302548851,2305.0823636557056
000000001001000000000001000000010000000000000010010000110000,0.15027684364517502,2530.932153667041
000000000001000100000001000000000000000000000000000001000010,0.09458532790188834,2939.946601231285
000000001000010000000000000000000010000000000001000000000000,0.08910849825517775,1559.4131968583895
000000000100000000010000010001000001000000000000001000000000,0.09563189826475105,3093.985320552862
000010010001001000000010010000000010000100000000010000000000,0.10716086877866071,4125.686717813289
000000100011000100000011100010100000000010000000000000001000,0.17105796669428075,5842.31233638461
000110001100100011000001001000000000010000100001000100010000,0.13048041610190597,7805.079107669288
000000000000000100000000000000000000000100000000000000000000,0.0020328988330878817,1659.950416086846
010000000001000010000010000000000100000000000000000000110000,0.14287486326249998,2280.098321547329
000000001000010000000000000000000000000000000001000000000010,0.1094459847770003,1520.5985696940065
000000011001000000000001000000000000000000000010100000000000,0.08479338948822734,2100.492302807997
001000101001000000000001100110100000000010000000000000000010,0.12382820526339111,6791.959655660392
000000001001000000100001000000000000000000000001010000000110,0.13070094529872534,3126.888370639296
010000000001000010000010000000000000110000100001000100010000,0.12490688903836245,4031.4310185911017
001000001000010000000000000000000010000000000000000000001000,0.08061059064131404,2887.9390417774475
010000000000010000000000000000010000000000000000000000000000,0.02944290135000005,704.5458061081797
000110001100100011000001001000010000010000100001000100010000,0.13048041610190597,7870.422024379538
000000000000000000000000000000000000000000000000100000000100,0.04468619890665271,719.4749881530515
000000000001000100000001000000000000000001000000000001000100,0.12073361380580983,3986.373933818344
001000000000011000000000000000010001100000000000001000000000,0.08311154302500001,2838.2446296058233
000000000000000100000001000000000100100000000000000000110000,0.06473516868290263,2521.0240903647336
000000000000011000000110000001000000000000000101010000000110,0.1036350770387342,4988.831672619645
000000001001010010000001100110100000000010000000000010000010,0.11530050753684562,7109.727766958726
001010010001001000000010010000000000000100000001000100010000,0.08059395821118143,6161.358872155142
010000000000010000000000000000000000000100000010010000100000,0.054654655087500004,2102.542644481492
000000101000010000000000000000000000000000000001000000000000,0.11152460981603318,1926.3338337866394
010000000000010000000000000000000000110000100001100100010000,0.10174760708324371,3523.441801768331
000000000100001000010000000001000001000000000000000000000000,0.10401663559926044,2695.331308318969
010000000001000010000010000000000000100000100001000100010000,0.12995121705039236,3075.428453392291
000000000000000001000000000000000000000000000000100000000000,0.045213751916775125,1260.1238559247881
000000100011000100010010010000010000000000100000000000010010,0.16066500401463313,3199.562628714323
000000000000000000010001000000010000000000000010010000010000,0.11987338130000003,1126.2857982284015
010000000001000010000010000000000001110000100001000100001000,0.13642460728684602,4707.927643762996
001010000001010000000110000001000000000010000101010000000110,0.1422565584440859,7397.9828352733875
000000001001000000000001000001000000000000000010010000100000,0.13621854998297267,3307.410256013484
000000001001000000000001000000010000000000100010010001000100,0.11115032708467876,3761.8961289349827
000010001001000000000001000000010000000000000000000000000000,0.06262698248510157,2662.1801331203064
010000001100100011000001001000000000000000000000000000110000,0.11973112689685472,5211.375590668029
000000001000010000000000000001000000000000000010010100100000,0.07679818462991717,3806.807604091776
000000001000010000010000000001000001000000000000001000100000,0.1077647332327013,3514.6005424513523
000000101000010000000000000000000000000000001001000100010000,0.09914447701128581,3571.701884517357
000000001001000000000000000000000000000000000010000000000000,0.04191496074446888,1364.1073393917559
010000000000000000000000000000010000000000000000000000000000,0.025446749999999962,435.7907839709003
000000100000010000000000000000100000000000000001000000000000,0.11422026678749997,1499.2129351981134
000000001100100011000000000000000000001000000000000000010000,0.08937549978955195,4063.2756716385097
000000100011000100000011100010100000000000001000100000000100,0.15348165825773108,6019.447365025849
001000101001000000000001100010100000000000000010110000110000,0.17450680286726672,6938.185394040511
000000001001000000100001000000000000000000001000010000110000,0.15203861565111865,3099.2429604636
010000100011000100000011100010100000000010000000000000001000,0.18331262014206007,6898.701129595834
000000100011000000010010010000010000000000000000000000000000,0.12460548767187496,1566.4753796912692
000000001001000000000001000000000000100100000000010000010000,0.12703334355767504,2904.7328432509125
000000000100001000010000000101000001000000000000000000000000,0.0808134471739902,3370.4845335021873
001000101001000000000000100000000000000000000000000000001000,0.10224295155881491,3797.514829769434
010000000001010000000000000000010000000000000001000000000010,0.11437225705937504,1526.9414543616817
010000001001000100010010010000000000000000100000000000010010,0.12972039448389394,3741.17422071665
000100010000000000000000000001000000100100000000010000010000,0.10315108904238268,3375.129241598698
000000001011000100010010010000000000000000100000000000010010,0.12172994999542053,3721.105473164524
000000100011000100000011100010100000000010000000100000000010,0.16159824241257226,5562.117997018855
010000000000000010000010000000000000000010000000000000001000,0.09407990747631534,2274.6749159598144
000000101000010000000000000000000000000000001000000000000000,0.05394648169103311,2196.2144563597953
000000001001100000010010010000010000000000000000000000000000,0.0836420872860304,1994.508659829975
010000001001000000100001000000000000000000001000000000110000,0.13237941129663455,3267.015492790978
000000000000000000000000001000000000000000000000100000000100,0.04891913604608944,1397.4952793477512
000000000000010000000000100000000000000000000000000000110000,0.07732761883750006,999.4448086598758
000000000000000100000001000000100010000000001000100000000100,0.07891311731293515,3311.1149697892033
001000100001000000000001000000010000000000000010010000110000,0.16170355260000002,2671.3954868653996
000000001000010000000010000000010000000000000000000000000000,0.03662275827342387,1281.8378270690064
000000000000000000000000000000010000000010000000000000001000,0.05300024800135317,1406.261468263499
000000000000000000000000001000000000000000000000100010000100,0.04810682526295407,2301.318894800018
001000101001000000000001100010000000000000000001000000000000,0.08243938863490641,5054.374094317306
000000000000000000000011100010100000000110000000000000001000,0.14033388153267112,4875.864206801907
000000100011000110000011100010010000000000100000000000010010,0.16955861813485573,5834.014053879475
010000000000000000000000100000000000000000000000000000100000,0.04570804758750002,940.1306602370212
000000000000000000010001010000100000000010000000000000001000,0.1409673770359997,2267.7167592076207
000000000000000000000011100011100000000010000000000000001000,0.14279843146889948,4675.2889279831725
000000100011000100011010010000100000000010000000000000001000,0.17569242899290793,4530.710791163097
000000100011000000010000010000010000000000000000000000000000,0.10683982883749998,1413.6942907109647
000000100011000100010010010000000000000000100001000000000000,0.1161395786188274,3087.0719074350104
000000010000000000000000010000000000000000000000000000000000,0.010874309375000002,435.2057354501061
000000011000000000000000000000010000000000000000000000000000,0.011143133681390971,965.1257253815253
000010001000010000000000000000000000000000000001000000010000,0.12257014106985731,2437.7010049613064
000000100011000000010000010000010000000000000000000001000000,0.12358505944095166,2431.9096002128335
000000000000000000100000000000000000000000000010010000110000,0.08418961126250002,1239.661717701441
000000000000000001010001010000100000000010000000000000001000,0.1215415371775419,3468.9264944062343
000000000000000000000000100000000010000000000000000000000000,0.0,414.675798365787
000000001001000000000001000000100000100100000000000001000000,0.10348831780083523,4033.1177078070314
000000000000000000000001000000010000000000010010010000110000,0.13780583581250005,1437.9034052052284
000000100000010000000000000000010000000001000001000000000010,0.11655819393051148,2561.0196901638533
010100000001010000000001000000010000000000010010010000110000,0.14898249511759043,3294.0663484948877
001000100001000000000001000000010000000000000010110000110000,0.18351399339346808,3458.9787811839474
000000000000000000000000000000000000000000000100100000000000,0.014462097500000048,690.921490933117
