config,science,cost
000000000000000000000000000000100000000000000000000000000000,0.0,250.8605824203334
000000000000000000000000000000100000000000000000000000000001,0.04294237299334684,1260.1040381907949
000000000000000000000000000000100000000000000000000000000001,0.04294237299334684,1260.1040381907949
000000100000000000000000000000100000000000000000000000000000,0.0144620975,510.14060047885664
000000000000100000000000000000100000000000000000000000000000,0.021025948837500003,678.681963510419
000000000000000000000000000000100000000000000010000000000000,0.014985427700000003,849.0167847311325
000000000000000000000000000100100000000000000000000000000000,0.0,719.4115550172769
000000000000000000000000000000100000010000000000000000000000,0.02997607945225,415.1564647857515
000000000000000000000000000000100000000000000000000000001000,0.0022939537500000005,934.1692471372985
000000000000000000000000000000100000000010000000000000000000,0.018333980709375003,462.2681425193075
100000000000000000000000000000100000000000000000000000000000,0.021025948837500003,682.4942213516233
000000000000000000000000000000100000000001000000000000000000,0.057578128125,622.0655239759557
000000000000000000000100000000100000000000000000000000000000,0.0,1111.5654981873588
000000000000000000000000000010100000000000000000000000000000,0.0,360.83961931356146
000000000000000000000000000000100000000000000000000000000010,0.0,880.8044798780566
000000000000010000000000000000100000000000000000000000000000,0.0,417.89634425395434
000000000000000000000000000000101000000000000000000000000000,0.0022939537500000005,825.162910437582
000000000000000000001000000000100000000000000000000000000000,0.0022939537500000005,928.8197827034778
000000000000000000000000000000100000000000000000000000000001,0.04294237299334684,1260.1040381907949
000000000000000000000001000000100000000000000000000000000001,0.04966267374418941,2262.4319305485733
000100000000000000000000000000100000000000000000000000000001,0.07836660404729585,1708.5124015563852
000000010000000000000000000000100000000000000000000000000001,0.06838912299334685,1528.8090492510166
000000000000000000000001000000100000000000000000000000000001,0.04966267374418941,2262.4319305485733
000000000000000010000000000000100000000000000000000000000001,0.04294237299334684,1510.3873163657074
000000000000000000000000000000100000000000000000000000010001,0.04429392589616854,1587.7993495864366
000000000000000000000000000000100000000000000000000000000000,0.0,250.8605824203334
000000000000000000000000000000100000000000000000000000100001,0.04184470449267938,1567.2177319624257
000000000000000000000000000000100000000000100000000000000001,0.05740447049334684,1510.9233474335663
000000000000000000000000000000100000000000010000000000000001,0.07238527434334684,1518.7983151637095
000000000000000010000000000000100000000000000000000000000001,0.04294237299334684,1510.3873163657074
000000000000000000000000000000100000100000000000000000000001,0.05581780620913722,1672.821013432023
000000000000000000000000000000100000000000000000010000000001,0.04779638561131614,1380.8845819535497
000000000000000001000000000000100000000000000000000000000001,0.08983490148243134,1624.063317617853
000000000000000000000000000000100000000000000000100000000001,0.0497659471816443,1906.0199400405768
000000000000000000000000000000100000000000000000000000000000,0.0,250.8605824203334
000010000000000000000000000000100000000000000000000000000001,0.04407901674334684,1513.8242850390573
001000000000000000000000000000100000000000000000000000000001,0.049025993123524604,1929.3154026894258
000000000000000000000000000000101000000000000000000000000001,0.04523632674334684,1834.4674571195987
010000000000000000000000000000100000000000000000000000000001,0.053816682368346844,1427.410464485051
000000000000000000000000000000100000000000010000000000000001,0.07238527434334684,1518.7983151637095
000000000000000000000001000000100000000000000000000000000001,0.04966267374418941,2262.4319305485733
000000000000000001000000000000100000000000000000000000000001,0.08983490148243134,1624.063317617853
000000000000000001000000000000100000000000010000000000000001,0.11927780283243133,1882.7575945907677
000000001000000001000000000000100000000000000000000000000001,0.09212885523243133,2307.433073246373
000000000000000001000000001000100000000000000000000000000001,0.08983490148243134,2288.1080819656386
000000000000000001000000000000000000000000000000000000000001,0.08983490148243134,1373.263826109075
000000000000000001000000000000100000000000000000000010000001,0.08573786747960367,1942.260287083025
000000000000000000000000000000100000000000000000000000000001,0.04294237299334684,1260.1040381907949
000100000000000001000000000000100000000000000000000000000001,0.12525913253638035,2072.471680983443
000000000000000001000000000000100000000000000000000000100001,0.08936775531691647,1931.1770113894836
000000000000000001000001000000100000000000000000000000000001,0.06825893850109341,2757.726467849945
000100000000000001000000000000100000000000000000000000000001,0.12525913253638035,2072.471680983443
000010000000000001000000000000100000000000000000000000000001,0.09097154523243134,1877.7835644661154
000000000000000001000000000000100000000000010000000000000001,0.11927780283243133,1882.7575945907677
000000000000000001000000000000100000000000010100000000000001,0.09812798254177293,2708.3552036752544
000000000000000001000000000000100000000100010000000000000001,0.12353306299547093,2358.575835519764
000000000000000001000000000000100000001000010000000000000001,0.1337904743582958,2554.3657355284104
000000000000000001001000000000100000000000010000000000000001,0.12054611658243133,2470.0813842697717
010000000000000001000000000000100000000000010000000000000001,0.13113623903243135,2050.064020885024
000010000000000001000000000000100000000000010000000000000001,0.12041444658243133,2136.4778414390303
000000000000000001000000000000100000000000010010000000000001,0.1251960936756589,3016.918425896802
000000000000000000000000000000100000000000010000000000000001,0.07238527434334684,1518.7983151637095
000000000000000001000000000000100001000000010000000000000001,0.12599810358327393,2816.7349388267135
000000000000000001000000000000100000000000010000000000000000,0.083586966975,873.4530479087509
000000000000000001000000000000100000000010010000000000000001,0.13761178354180634,1993.6725685567421
000000000000000001000000000000101000000000010000000000000001,0.12004245408243133,2457.1210135195715
000000000000000001000000000000100000000000110000000000000001,0.14199210283243135,2035.6015095298617
100000000000000001000000000000100000000000010000000000000001,0.13138858479822174,2314.3139547246988
000000000000000001000000000000100000000100010000000000000001,0.12353306299547093,2358.575835519764
000000000000000001000000000000100000000000010000000000001001,0.11348876751529818,2961.672758900647
000000000000000001000000000000100000000000110000000000000001,0.14199210283243135,2035.6015095298617
000001000000000001000000000000100000000000010000000000000001,0.12085030283243134,2248.693032512488
000000000000000001000000000000100010000000010000000000000001,0.13117586246684615,3008.401116472181
000000000000000001000000000000100000000000000000000000000001,0.08983490148243134,1624.063317617853
000000000000000011000000000000100000000000010000000000000001,0.11927780283243133,2042.1722798745118
000000000000000001000000000000100001000000010000000000000001,0.12599810358327393,2816.7349388267135
000000000000000001000000000100100000000000010000000000000001,0.11927780283243133,2351.3696580992664
000000000000000001000000000000101000000000010000000000000001,0.12004245408243133,2457.1210135195715
000000000000100001000000000000100000000000010000000000000001,0.13189224729822174,2220.563325052941
000000000000000001000000000000101000000000010000000000000001,0.12004245408243133,2457.1210135195715
000000000000000001000000000000100000000000110000000000000001,0.14199210283243135,2035.6015095298617
000000000000000000000000000000100000000000010000000000000001,0.07238527434334684,1518.7983151637095
000000000000000001000000000000100000000000010000001000000001,0.10604755529152993,2379.3679324966943
000000000000000001001000000000100000000000010000000000000001,0.12054611658243133,2470.0813842697717
000100000000000001000000000000100000000000010000000000000001,0.14823036816464805,2331.165957956358
000100000000000001000000000000100000000000010000000010000001,0.1443527530843924,2649.36292742153
000100000000000001000000100000100000000000010000000000000001,0.1603411501304384,2646.7284791384272
000000000000000001000000000000100000000000010000000000000001,0.11927780283243133,1882.7575945907677
000000000000000101000000000000100000000000010000000000000001,0.0897417881164572,2434.4227807609805
000000000000000101000000001000100000000000010000000000000001,0.0897417881164572,3098.467545108766
000000000000000101000000000000100000001000010000000000000001,0.10425445964232169,3106.0309216986234
000000000000000001000000000000100000000000010000000000000001,0.11927780283243133,1882.7575945907677
000000000000000001000000000100100000000000010000000000000001,0.11927780283243133,2351.3696580992664
000000000000000001000000000100100000000000010001000000000001,0.10783120824455762,3293.5180840157323
000000000000000001000000000000100000000000010000000000000001,0.11927780283243133,1882.7575945907677
