config,science,cost
000000000000000000000000000000001000000000000000000000000000,0.0,666.8703762450554
000000000000000000000000000000001000000000000100000000000000,0.0,1106.8434217120828
000000000000000000000000000000001000000000000100000000000010,0.018333980709375003,1318.3120727226121
000000000000000000000001000000001000000000000100000000000010,0.07247804633437499,1684.2475106443326
000000000000000000000001000000000000000000000100000000000010,0.07247804633437499,1017.3771343992771
000000000000000000000001000000000000000000000000000000000010,0.07247804633437499,577.4040889322498
000000000000000000000001000000000000000000000000000000000000,0.054144065624999994,365.9354379217204
000000000000000000000001000000000000000000000000000000000010,0.07247804633437499,577.4040889322498
000000000000000000000001000000010000000000000000000000000010,0.07247804633437499,744.4429364534886
000000000000000000000001000000000000000000000000000000000010,0.07247804633437499,577.4040889322498
000000000000000000000001000000000000000000010000000000000010,0.07247804633437499,741.6924355005831
000000000000000000000001000000000000000000000000000000000010,0.07247804633437499,577.4040889322498
000000000000000000000001000000100000000000000000000000000010,0.09350399517187502,1005.1421098115861
000000000000000000000001000000100000000001000000000000000010,0.11474246776684485,2023.17453559991
000000000000000000000001000000100000000000000000000000000010,0.09350399517187502,1005.1421098115861
000000000000000000000001000000100000000010000000000000000010,0.107475474021875,1603.2075647334052
000000000000000000000001000000100000000000000000000000000010,0.09350399517187502,1005.1421098115861
000000000000000000000001000000100000000100000000000000000010,0.09350399517187502,1799.2428510274476
000000000000000000000001000000100000000000000000000000000010,0.09350399517187502,1005.1421098115861
000000000000000000000001000000100000001000000000000000000010,0.09609662633437502,1674.1276870297704
000000000000000000000001000000100000000000000000000000000010,0.09350399517187502,1005.1421098115861
000000000000000000000001000000100000010000000000000000000010,0.09350399517187502,1263.8129240419464
000000000000000000000001000000100000000000000000000000000010,0.09350399517187502,1005.1421098115861
000000000000000000000001000000100000100000000000000000000010,0.09350399517187502,1255.9416013203643
000000000000000000000001000000100000000000000000000000000010,0.09350399517187502,1005.1421098115861
000000000000000000000001000000100000000000100000000000000010,0.09481965874687501,1380.233348251696
000000000000000000000001000000100000000000000000000000000010,0.09350399517187502,1005.1421098115861
000000000000000000000001000000100001000000000000000000000010,0.099533145171875,1279.1690988214812
000000000000000000000001000000100000000000000000000000000010,0.09350399517187502,1005.1421098115861
000000000000000000000001000000100000000000000000000000000010,0.09350399517187502,1005.1421098115861
000000000000000000000001000000100000000000000000000000000010,0.09350399517187502,1005.1421098115861
000000000000000000000001000010100000000000000000000000000010,0.09448812199687501,1557.6873819466389
000000000000000000000001000000100000000000000000000000000010,0.09350399517187502,1005.1421098115861
000000000000000000000001000100100000000000000000000000000010,0.07641771870869302,2053.5940460374363
000000000000000000000001000000100000000000000000000000000010,0.09350399517187502,1005.1421098115861
000000000000000000000001000000100000100000000000000000000010,0.09350399517187502,1255.9416013203643
000000000000000000000001000000100000000000000000000000000010,0.09350399517187502,1005.1421098115861
000000000000000000000000000000000000000000000000000000000000,0.0,0.0
000000000000000000000000000000100000000000000000000000000000,0.021025948837500003,427.82138109008554
000000000000000000000000000000000000000000000000000000000000,0.0,0.0
000000000000100000000000000000000000000000000000000000000000,0.0144620975,259.2800180585232
000000000000000000000000100000000000000000000000000000000000,0.0,258.5627292295798
000000000000000000000000000000000000100000000000000000000000,0.0,250.8605824203334
000000000000000000000000000000000000000000000000100000000000,0.0144620975,250.88035225693346
000000000000000000000000100000000000000000000000100000000000,0.0144620975,509.4430814865133
000000000000100000000000000000000000000000000000100000000000,0.0144620975,510.1603703154566
000000000000000000000000000000000000000000000000100000000000,0.0144620975,250.88035225693346
000000000000000000000000000000000000010000000000100000000000,0.0144620975,509.6081090189506
000000000000000000000000010000000000000000000000100000000000,0.0144620975,518.78314588167
000000000000010000000000000000000000000000000000100000000000,0.0368039,519.6353743942128
000000000000010000000000000000000000001000000000100000000000,0.03756855125,1188.5098975211774
000000000000010000000000001000000000000000000000100000000000,0.03756855125,1197.544611497693
000000000000010000000000000000000000000000000000100000000000,0.0368039,519.6353743942128
000000000000010000000000000000000000000100000000100000000000,0.0368039,1313.9781134385128
000000000000010000000000000100000000000000000000100000000000,0.0368039,1380.652583336464
000000000000010000000000000000000000000000000000100000000000,0.0368039,519.6353743942128
000000000000010000000000000000000000000010000000100000000000,0.05375758135,1117.5897752248122
000000000000010000000000000010000000000000000000100000000000,0.03877215365,1143.7043958209051
000000000000010000000000000000000000000000000000100000000000,0.0368039,519.6353743942128
000000000000010000000000000001000000000010000000100000000000,0.08801472136604682,2119.9176675825906
000000000000010000000000000000000000000010000000100000000000,0.05375758135,1117.5897752248122
000000000000010000000000000000000000000010000000100000000000,0.05375758135,1117.5897752248122
000000000000010000000000000000010000000010000000100000000000,0.05375758135,1284.6286227460512
000000000000010000000000000000000000000010000000100000000000,0.05375758135,1117.5897752248122
000000000000010000000000010000000000000010000000100000000000,0.05375758135,1385.441045215819
000000000000010000000000000000000000000010000000100000000000,0.05375758135,1117.5897752248122
000000000000000000000000000000000000000000000000000000000000,0.0,0.0
000000000000000000000001000000000000000000000000000000000000,0.054144065624999994,365.9354379217204
000000000000000000000001000000100000000000000000000000000000,0.0751700144625,793.6734588010568
000000000000000000000001000000100000000001000000000000000000,0.09640848705746985,1811.7058845893807
000000000000000000000001000000100000000001000000000000000010,0.11474246776684485,2023.17453559991
000000000000000000000001100000100000000001000000000000000010,0.11474246776684485,2182.661831918011
000000000000100000000001000000100000000001000000000000000010,0.12970822776684485,2184.427746792188
000000000000000000000001000000100000100001000000000000000010,0.11062465514684991,2288.818963446936
000000000000000000000001000000100000000001000000100000000010,0.12920456526684485,2172.668711044067
000000000000000000000001000000100000000001000000100000000010,0.12920456526684485,2172.668711044067
000000000000000000000001000000100000000001000000100100000010,0.10603744391916586,3086.506850593344
000000000000000000000001000000100000000001000100100000000010,0.11704501111153179,2406.2728038765645
000000000000000000000001000000100100000001000000100000000010,0.11767161020634198,2783.889946738005
000000000000000000000101000000100000000001000000100000000010,0.13050296010698417,2727.2327808841437
000000000000000000000001000000100000000001000000100000000010,0.12920456526684485,2172.668711044067
000000000000000000000001000000100000000001000000100000000010,0.12920456526684485,2172.668711044067
000000000000000000000001000000100000000001000000100000000010,0.12920456526684485,2172.668711044067
000000000000000000000001000000100000000001000000100000000010,0.12920456526684485,2172.668711044067
000000000000000000000001000000100000000001000000100000000010,0.12920456526684485,2172.668711044067
000000000000000000000101000000100000000001000000100000000010,0.13050296010698417,2727.2327808841437
000000000000000000000001000000100000000001000000100000000010,0.12920456526684485,2172.668711044067
000000000000000000000001000010100000000001000000100000000010,0.13018869209184486,2725.21398317912
000000000000000000000001000000100000000011000000100000000010,0.13125787000650235,3069.6970098101688
000000000000000010000001000000100000000001000000100000000010,0.13018869209184486,2715.46406065878
000000000000000000000001000000100000000001000000100000000010,0.12920456526684485,2172.668711044067
000000000000000000000000000000000000000000000000000000000000,0.0,0.0
000000000000000000000100000000000000000000000000000000000000,0.046922313256621,448.4685696012415
000000000000000000000110000000000000000000000000000000000000,0.04254123249703581,721.6383992414953
000000000000000000000110100000000000000000000000000000000000,0.04254123249703581,980.1437717375769
