config,science,cost
000000000000000000000000000000000000000000000000000100000000,0.0037756079503908245,794.2360138761233
000000000000000000000100000001000000000000001000000100000000,0.07821907395503963,2886.0664352972717
000000000010000000000100000001000000000000001000000100000000,0.08084227976213502,3139.7866821455336
000000000010000000000100000000000000000000001000000100000000,0.05635663948941742,2137.4587897877554
000000000010000000000100000000000100000000001000000100000000,0.05635663948941742,2585.1342079973083
000000000010000000000100000000000100000000001000000100000001,0.06580618221153162,3064.8750684454576
000000000010000000000100000001000000000000001000000100010001,0.09311714853235759,3726.6134113515263
000000000010000000000100000011000000000000000000000100000001,0.08340240058359023,3952.1000482796435
100000000010000000000001000000000100000010000000000101000000,0.09880932254524773,3452.3499920756503
100000000010000000000001000000000100000010000000001101000000,0.0985568158899142,4472.054797869217
100000000010000000000000000100000100000010000000000001000001,0.07838759914277646,3622.7812240664616
100000000010000000000000000100000100000000000000000001000001,0.062418044617776454,3024.7157691446428
100000000010000000000000000100000100010000000000000001000001,0.062418044617776454,3283.3865833750033
100000000010000000000000000100000100110000000000000001000001,0.062418044617776454,3436.204978943975
100000100010000000000001010110000000100000000000000001010100,0.15249186167835216,4932.912929037954
100000000010000000000001010110000000100000100000000001010100,0.12774625917835217,4889.7050176202065
100000000010000000000001010110000000100000100000000001010100,0.12774625917835217,4889.7050176202065
100000000010000000000101010110000000100000100000000001010000,0.1309460818537428,5196.694527878147
100000000000000000000101010110000000100000100000000001010010,0.13166275828503926,5227.47804669261
100000010000000000000101010110000000100000100000000001000010,0.14352687339204048,5192.467553396635
110000000000000010000101000100010000100000100000001001000010,0.13534349215817315,6126.047389171963
010000100010000010000101000101000000100000000000001000010000,0.14680765359300305,5391.777495774297
010000100010000000010000000100001001100010000100101001000000,0.11865555423742682,6720.540180686527
010000100010000000010000000100001001000000000100101001000000,0.10762435408131633,5537.599201454648
000000100010000000010000000100001001000000000100101001000000,0.08130482839598369,5341.1089795451835
000000000010000000010000000100001001000000100100101001000000,0.057675001203299395,5558.524369708852
100000000010000000010001000100101000000000000100001001000000,0.10427655183794184,5306.47645289574
100000000010000000010001000100101000000000000100001001000000,0.10427655183794184,5306.47645289574
100000000010000000010001000100101000000000000100101001000000,0.11178141298034122,5572.633405076735
100000000010000000010001000000101100000010000000101101000000,0.12623649548709667,5865.721267408127
100000000010000100010001000000101100000011000000101000000000,0.07990081310670398,6167.980576290656
100000000010000100010001000000100100001010000000100001001000,0.09006188605391441,6804.209242381499
100000000010000000000001000000110100001010000000100001001000,0.1244398302685071,5819.681584217632
100000000010000000000001000000000100001010000000100001000000,0.11117060278963582,4664.836009410153
100000000010000000000001000000000100000010000000101001000000,0.11558347265529678,4152.652378095045
100000000010000000000001000000000100000010000000101101000000,0.10956860128119775,4727.3728608522915
100000000010000000000001000000000100000010000000001101000000,0.0985568158899142,4472.054797869217
100000000010000000000001000000000100000010000000001101000000,0.0985568158899142,4472.054797869217
100000000010000000000001100000000100000010000000001101000000,0.0985568158899142,4769.6277850775605
100000000010000001000001100000000100000010000000001100000000,0.08225922845675732,5121.463617677009
100000000010000000000001100000000100000010000000001101000000,0.0985568158899142,4769.6277850775605
100000000010000000000001100000000100000010000000001001000000,0.10803234565197134,4184.068413122395
100000000010000000000001000000000100000010000000101001000000,0.11558347265529678,4152.652378095045
100000000010000000000001001000000100000010000000100001000000,0.10769892224913163,4162.406355581988
100000000010000000000001000000000100000010000000101001000000,0.11558347265529678,4152.652378095045
