config,science,cost
000010000101010100000000000011000010000011000010000001100000,0.10110203857860489,9078.885778720569
001011000001001000000100000010010000000000000100000000100100,0.10336121123206987,7313.869174611062
010000000000000000000000000000000000000000000000000000000000,0.025446749999999962,268.75502213727935
001001010010001000000000001000000000000000011000000000000000,0.04312222386244302,4700.306556185494
100000010001001100000000010110000000000000100000000000010001,0.1536502557704431,5489.328454698437
010000000000000001100000000000000000000000000000010000001000,0.09397620424005815,2854.2278775025784
000000000000010000000000000000000000000000000001000000001000,0.1210396984263532,1281.0757200052872
000000010001001100000000010110000000000000100000100000010001,0.1536502557704431,5474.154727464806
000001000000000000000000000000000000000000010000001100001000,0.053641674503307035,3423.156928747304
000000001000000000000000000000000000001000000000000000000000,0.008377573880177791,1338.1969417168152
000001000101010010000000000000000000000000010000001100000000,0.07043707008262134,5237.288139979502
000000000000000000000000001000000000000000001000100000000000,0.016756051250000015,1569.933766135251
100000000000110000010000000000000100100000100000000010000110,0.1258327889117744,3316.246166235056
000000000000000000000000000000000000000000010100001100000000,0.003918332600783447,2385.1200022132844
000000010000000000000001000100000000000000000000010000001000,0.10804173841832543,2324.310288805115
011000000000000000000000000000000000000000000000000000000000,0.026211401249999988,874.6011011567668
000000000000000000000000010000000110000001000000000000010010,0.0828003906068111,2334.3347118909605
000000110001001100000000010110000000000000100000100000000000,0.1245921901454432,5485.9045147817715
000000000000010000000000000000000000000000000000000000000010,0.04378073070937505,480.1736620707512
000000000000000000000000000000000000000100000000000000000000,0.0,794.100741215861
000000001000010000000000000000000000000000000001000000001000,0.13604723127459717,1950.2870845039183
000000000000010000000000000000000001000000010000000000000000,0.07959081562500003,797.2049922401695
000000000010010000000000000000000000000000000001000000001000,0.1238924518879585,1534.7959668535495
010000000000000000000000000000000000000000000010000000000000,0.025446749999999962,480.0826257990491
100000000000110000010000000000000100100000100000000011000110,0.1160829969475512,4119.165844849431
000000000000100000000100101010000000110000000001001000100000,0.11205130466945012,5437.497845917518
001001010010001100000000010110000000010000100000100000010001,0.16341020819766083,7813.983715786816
000000010001001100000000010000000000000001000000000000000000,0.0987685776943017,3651.1375475316813
100000010001001100000100000000000000100000000000010000001000,0.15071319758367208,3963.9538066637274
000000000000000000000000000000010000010000100000100000010001,0.13790043138750008,1317.7275288558953
001001010010001100000000010110000000010000100010100000010001,0.16341020819766083,7927.3784287844155
010000000000000000000000000000001000000000100000100000010001,0.16046170946250005,1923.9802392997663
100000010001001100000100010000000000100000000000010000001000,0.15071319758367208,4231.805076654735
000000000000000000000000000000010000011000000000000000000000,0.0022939537499999663,1000.9020568354784
000000000000000000000000000000000000000000000100000000000010,0.018333980709374975,651.4416964775568
001000010010001100000000010110000000010000100010100000010001,0.1509781122079431,6289.726885430033
010000000000000000000000000000000000000000000000000000001001,0.08915591888763341,1371.9505783995596
100000010001001100000000000000000000000000100000000000000000,0.12588301447044314,2939.4673956077604
000000010001001100000000010110000010000000100000100000010100,0.15214297868255955,6080.130809249537
100000000000110000010000000000000100100000100000000100000010,0.08806121385902821,2771.4371662131225
011000000000000000001000000000000000000000000000000000001001,0.11083309482907988,2647.058032994735
000000001000011000000000000000000000000000000010000000000000,0.03229502138017781,1755.1900803942253
000000000000010000000000000000000000010000100010100000010101,0.11195158839894181,2258.3280644110837
010010000001001100000100000000000000100000000000010000001000,0.10267746627525987,5341.704176449148
000000000000000000000000010000000000001000100000100000010001,0.14189962005,1848.735903231867
000000001010000000000000000000000100000000000000100000000010,0.04694929634317602,1765.6129339658833
000001000000000000000000000100000000000000000000000000001000,0.08095719329469997,2511.2277191810385
000000010011001100000000010110000000000000100000100000010001,0.1582147289954432,5660.538770426823
000000000000000000000000000000000000000000010100000000000010,0.018333980709374975,763.0052144041301
000000010001001100000000000000000000100000000010000000000000,0.0758660192135201,2726.0934710659117
010000000000000000000000000000000000000000000000000001000010,0.06395852758142806,1492.1633594020236
100000010001001100000100010000000001000000000000000000000000,0.11728684598597483,3317.4457771741636
010000000000000000000001000000000000000000000010000000000000,0.07959081562500003,846.0180637207694
000000000000010000000000000000000000000000000001000000101000,0.1344016132642616,1844.6136975006254
000000000000010000001000000000000000000000000000000000000000,0.01948691880409148,986.5205883898955
000000010001001100000000010110000011000000000010000000000000,0.08138757991577017,5575.834522427982
010000000000000000000000010000000000001000101000100000010001,0.15324032826875145,3347.2376233359896
000000000000010000000000000000001000000000000000000000000000,0.025446749999999962,935.5753873052772
000001000000000000000000000000000010000000000000000000001000,0.08095719329469997,1900.7449906773704
010000000000100000000000000000000000000000000100000000000010,0.055137880709374976,1179.370734148974
000000000000010000000000000000000000100000000001000000001000,0.1210396984263532,1422.537937129561
000001000000000000000001000000000000000000100000000000000000,0.10271033469822166,1787.856208338297
000000000000010000000000000000000000000000000000000000001000,0.06346157030135313,909.8621768806631
000000000000010000000000000000000000000000000100000000001000,0.06346157030135313,1350.2185854411462
001001010010001100000010010110000000010000100000000000000000,0.063455978827469,7573.228970916914
000000000000000000000001000001010000000000001000000000010100,0.12933003625483053,2680.739433698269
010000000000000000000000000001001000000000100000100000010000,0.11907984294970797,2486.111051864816
010000000000010000000000000000000000100000000000000000000010,0.047776882059375025,999.6781646397512
010000000000000000010000000000000010000000000000000000001000,0.07521649747349968,1327.451881349832
001001010010001100000000000000001000100000100000100000010001,0.16265078137501,6322.7853006885025
001011010010001100000000010110000000010000100000100000010001,0.16293216323483706,8877.896852965758
010000000000000000010000000000000000000000000000000000000000,0.038319135050000064,436.05796396264896
000000000000010000000000000000000000100000000101000000001000,0.08259795687983074,2089.504351100374
010000000000000000000000000000011000000000100000100000010001,0.16046170946250005,2052.0754134684676
010000000000000000000001100000000000000000000010000000000001,0.08459737812500001,1446.4142364204856
000000000000000000000010000000000000001000000000000000000000,0.0034305974999999655,922.7058240664466
010000000000010000000000000000001000000000000000000000000010,0.047776882059375025,1415.7490493760283
000000000000010010000000000000000000000000000000000000000000,0.024158106118938094,1483.3986544356956
000000001000010000000000000000000001010000100000100000010001,0.1695329303672859,2423.529609079045
000000000000010000000000000100000000010000100010100000010101,0.11195158839894181,3119.0940710896643
010000000000010000000000000000000000000000000000000000000000,0.02944290135000005,537.5100442745587
000000000000010000000000000000000001100000010000000000000000,0.07959081562500003,942.2118579067508
010000000000000000000000000000010000000000000000000000000000,0.025446749999999962,435.7907839709003
010000000000000010000000000000011000000000010000000000000000,0.02944290135000005,1857.9638964115907
000000100010000000000000000000000100010000100000100000010001,0.14940284433749995,2169.970319486966
000000000001001100000000010110000000000100100000100000010001,0.13110963236246165,6359.430553603609
000001000000010000000000000000000000000000000001000000101000,0.1585078709999833,2853.9182441826424
000000000000010000000000000000000000000000000000000000001000,0.06346157030135313,909.8621768806631
000000001100010000000000000000000001010000100000100000101000,0.18094536329861755,3613.432196255955
010000000000000000000000000000000000000001000000000000000000,0.059937080445186086,1286.7374368485457
000000000000010001000000000000000001000000010000000000000000,0.0836472545194975,1865.2474840730501
000001000000000000000001000000000000000000100000000000000001,0.10428283469822175,2129.7470085419313
000000001000010000000000000000000001010000100000100000010000,0.16350378036728586,2186.353219743821
000000101000010000000000000000000001010000100000100000010000,0.16886175259787006,2766.3416896859694
010000000000010000000000000010000000000000000010000000000001,0.08898928312499998,1744.2337448443604
