config,science,cost
000000000000000000000000000000000000000000000000100000000000,0.0144620975,250.88035225693346
000000000000000000000000000000000000000000000000110000000000,0.05215720135,411.53819191200853
000000000000000000000000000000000000001100000000110000000000,0.05228642292789114,2244.663379101852
000000000000000000000000000000000000000000000000110100000000,0.01126515928620257,1350.0364352306813
001100000000000000000000000000000000000000000000110000000000,0.055738844048282235,2346.4911735211103
001100000000000000000000000010000000000000000000110000000000,0.057707097698282236,2970.671249039022
001100000000000000000000000000000000000010000000110000000000,0.06869637404828224,2944.556628442929
000100000000001000000000000000000000000010000000110000000000,0.06956533212512045,2558.8230773333325
000100000000001000000000000001000000000010000000110000000000,0.10382247214116727,3561.1509696911107
000100000000001000100000000001000000000010000000110000000000,0.12012972272880042,3920.2439954952033
000100000000001000000000000001000000000010100000110000000000,0.11793534272880042,3899.0230335058477
000100000000001000000000000001000000000010100000110000001000,0.11658289488484103,4682.791984984328
000100000000001000000000000001000000110010100000000000001000,0.09572536690658998,5428.761954773341
000100000000001000000000000001000000000010100000110000001000,0.11658289488484103,4682.791984984328
000100000000001000000000000001000000000010101000110000000000,0.10308718829919863,5074.298889468746
000100000000001000000000000001000000000010100000110000001000,0.11658289488484103,4682.791984984328
000100000000001000000000000001000000000000100000110010001000,0.10127807077230722,5053.520706436072
000100000000001000000000000001000000000010100000110000001000,0.11658289488484103,4682.791984984328
000100000000000000000000000001000000001010100000110000001000,0.11430386526680997,5764.111946186466
000100000000000000000000001001000000000010100000110000001000,0.1104007691184214,5065.13993911159
000000000000000000000000001101000000000010100000110000001000,0.0904531574396721,4885.110450825579
000000000111000000000000001101000000000010100000110000001000,0.14300750687520378,6116.966593036307
000000000100000000000011001101000000000010100000110000001000,0.19346854039867792,5883.364984632075
000000000000000000000111001101000000000010100000110000001000,0.1414314294283185,6116.966593036307
000000000100000000000011001101000000000010100000110000001000,0.19346854039867792,5883.364984632075
000000000100000000000011001101000000000010101000110000000000,0.17084267604664666,6274.871889116494
000000000100000000000011001101001000000010100000110000000000,0.1861719844502971,5600.595416469318
000000000100000000000011001101011000000010100000110000000000,0.1861665074719173,5723.185989711685
000000000100000000100011001101011000000010100000110000000000,0.1866701699719173,6041.790833178067
000001000100000000100011001101011000000010100000110000000000,0.1707247340088915,6864.701319595231
000000000000000000100111001101011000000010100000110000000000,0.14147801164139462,6565.553254541883
000000000100000000100011001101011000000010100000110000000000,0.1866701699719173,6041.790833178067
000000000100000000100011001101011000000011100000110000000000,0.18984740524121074,7462.881363044922
000000000100000000100011001101011000000010100000110001000000,0.1658765605363939,7105.463183112084
000000000100000000100011001101011000000010100000110000000000,0.1866701699719173,6041.790833178067
000000000100000000100011001111011000000010100000110000000000,0.19394873854009242,7028.351065878628
000000000100000000100011001101011000000010100000110000000000,0.1866701699719173,6041.790833178067
000000000100000000100011001101011000000010110000110000000000,0.1866701699719173,6100.830267520153
000000000100000000100011001101011000000010110000110100000000,0.162764220362338,7039.328510838826
000000000100000000100011001101011000000110110000110000000000,0.18078946994657052,7457.367077140912
000000000100000000100011001101011000000010110000110000000000,0.1866701699719173,6100.830267520153
000000000100000000100011001101011000000010110000100000000000,0.15823928079364966,5940.111384850916
000000000100000000100011001101011000000010110000110000000000,0.1866701699719173,6100.830267520153
000000000000000000100011001101011000000010110000110000000000,0.14871216930473674,5652.421904154563
000000000100000000000011001101011000000010110000110000000000,0.1861665074719173,5782.171148803316
000000000100000000000001001101011000000010110000110000000000,0.18404573689691728,5598.260416284131
000000000100000000000000001101011000000010110000110000000000,0.13541771082068457,5232.324978362411
000000000100000000000001001101011000000010110000110000000000,0.18404573689691728,5598.260416284131
000000000100000000000001001101011010000010110000110000000000,0.1839939689055289,5979.542394147182
000000000100000000000001001101011000000010110010110000000000,0.18366020163720664,6593.2051936450225
000000000100000000000001001101011000000010110000110000000010,0.19055517781088846,6143.477080829371
000000000100000000000001001101011000000010110000110000100010,0.19262277334036151,6724.287693571107
000000000100000000000001001101011000000010110000110000000010,0.19055517781088846,6143.477080829371
000000000100000000000001001101011000000010111000110000000010,0.17275687521572697,7366.356346900229
000000000100000000000001001101011000000010110000110000000010,0.19055517781088846,6143.477080829371
000000000100000000000001001101011000000010000000110000000010,0.1708657514704949,5746.619857923004
000000000100000000000001001101011000000010100000110000000010,0.19055517781088846,6084.49192173774
000000000100000000000001001101011000000000100000110000000010,0.1779168254211329,5561.170626735744
000000000100000000000001001101001000000000100000110000000010,0.17792230239951273,5438.580053493377
000000000100000000000001000101001000000000100000110000000010,0.17747701971534424,4348.291287816494
000000000100000000000001000001001000000000100000110000000010,0.18070319337364069,3678.9271868659707
000000000100000000000001000000000000000000100000110000000010,0.1725414355133846,2183.714881479119
000000000101000000000000000000000000000000100000110000000010,0.13718020257388228,2289.8705879536055
000000000100000000000001000000000000000000100000110000000010,0.1725414355133846,2183.714881479119
000000000100000000000001000000000000000000100000110000000000,0.16571281698916898,1638.4982169338787
000000000100000000000001000000000000000000100010110000000000,0.16571281698916898,1761.2666055036925
000000000100000000000001000000000010000000100000110000000000,0.16571281698916898,1888.7814951087917
000000000100000000000001000000000000000000100000110000000010,0.1725414355133846,2183.714881479119
000000000100000000000001000000000000000000100000110000000011,0.16298749652467,2600.8927570590367
000000000100000000000001000000000000000000100001110000000010,0.17513652301338462,2415.2752414532156
000000000100000000000001000000000001000000100000110000000010,0.1741139355133846,2547.674160906177
000000000100000000000001000000000000000000100000110000000010,0.1725414355133846,2183.714881479119
000000000101000000000001000000000000000000100000110000000010,0.1684314481064954,2655.8060258753253
000000000100000000000001000000000001000000100000110000000010,0.1741139355133846,2547.674160906177
000000000100000000000001000000000000000000100001110000000010,0.17513652301338462,2415.2752414532156
000000000100000000000001000000000000000000000001110000000010,0.15310239674125986,2112.9368445451146
000000000100000000000001000000000000000000100001110000000010,0.17513652301338462,2415.2752414532156
000000000100000000000001000000000000000110100001110000000010,0.16161734453334145,4449.231606477509
000000000100000000000001000000000000000010100001110000000010,0.18504969725291767,3867.3034902010104
000000000100000000000001000000000000000000100001110000000010,0.17513652301338462,2415.2752414532156
000000000100000010000001000000000000000000100001110000000010,0.17976780155314018,2958.070591067928
000010000100000000000001000000000000000000100001110000000010,0.16771878377517113,3361.8252386453933
000000000100000000000001000000000000000000100001110000000010,0.17513652301338462,2415.2752414532156
000000000100000000000000000000000000000000100001110000000010,0.1730450980133846,2078.253049311578
000000000100000000000000000000000000000000100001110000000010,0.1730450980133846,2078.253049311578
000000000100000000000000000000000000000000100001110000000011,0.1651231462128417,2548.3383001065276
000000000101000000000000000000000000000000100001110000000010,0.1694540356064954,2521.430947927702
000000000100000000000000000000000000000000100001110000000010,0.1730450980133846,2078.253049311578
000000000000000000000000000000000000000000100001110000000010,0.13732890808671563,1629.8446859459877
000000000100000000000000000000000000000000100001110000000010,0.1730450980133846,2078.253049311578
000100000100000000000000000000000000000000100001110000000010,0.14958046083736223,2743.9362589971543
000000000100000000000000000000000000000000100001110000000010,0.1730450980133846,2078.253049311578
000000000100000000000000000000000000000000000000110000000010,0.10244800266526857,1405.1632198228388
000000000100000000000000000000000000000000100001110000000010,0.1730450980133846,2078.253049311578
000000000100000000000000000100000000000000100001110000000010,0.1730450980133846,2939.0190559901584
