config,science,cost
000000000000000000000000000000000000010000000000000000000000,0.0,258.7277567620171
000000000000000000000000000000000000000000000000000000000000,0.0,0.0
000000000000000000000000000000000000000000100000000000000000,0.021025948837500003,412.61622373455975
000000000000000000000000000000000000000000110000000000000000,0.021025948837500003,471.88168587316125
000000000000000000000000000000010000000000100000000000000000,0.021025948837500003,579.7480872816784
000000000000000000000000000000000000000000100000000000000000,0.021025948837500003,412.61622373455975
100000000000000000000000000000000000000000100000000000000000,0.0354880463375,671.9923435065807
100000000000010000000000000000000000000000100000000000000000,0.0570651975875,940.7473656438601
100000000000010000000000001000000000000000100000000000000000,0.058105355,1618.5655526006763
100000000000011000000000000000000000000000100000000000000000,0.058105355,1546.4413515025221
101000000000010000000000000000000000000000100000000000000000,0.070446631825,1544.373236832812
100000000000010000000000000000000000001000100000000000000000,0.060299735,1533.025042652348
100000000000010000000000000000000000000000100000001000000000,0.059089481825,1609.670209800494
100000000000010000000000000000000000000000100000000000000000,0.0570651975875,940.7473656438601
100000000000010000000000000000000000000000100000000100000000,0.060840805537890834,1734.7812752821
100000000000010000000000000000000000000100100000000000000000,0.04044274055065589,1890.1865197663087
100000000000010000000000000100000000000000100000000000000000,0.0570651975875,1801.7645745861114
100000000000010100000000000000000000000000100000000000000000,0.04091888383224532,1855.3403846130518
100100000000010000000000000000000000000000100000000000000000,0.05112875510307463,1844.7505410598114
100000000000010000000000000000000000000000100000000000000000,0.0570651975875,940.7473656438601
100000000000010000000000000000000000000000100000000010000000,0.0740188789375,1538.7625546283311
100000000000010000000000000000000000000010100000000000000000,0.0740188789375,1463.866556407973
100000000000010000000000000010000000000000100000000000000000,0.0600474000875,1564.7253369238886
100000000000010010000000000000000000000000100000000000000000,0.05612465253001301,2155.2389047814504
100010000000010000000000000000000000000000100000000000000000,0.06322212113506098,2143.3698215069717
100000000000010000000000000000000000000000100000000000000000,0.0570651975875,940.7473656438601
100000000000010000000000000000000000000000100000000001000000,0.08539820015535611,1958.760570907846
100000000000010000000000000000000000000000110000000001000000,0.08539820015535611,2018.0260330464475
100000000000010000000000000000000000000000100000000001000000,0.08539820015535611,1958.760570907846
100000000000010000000000000000000000000000100000000001000000,0.08539820015535611,1958.760570907846
100000000000010000000000000000000000000000100000000001000000,0.08539820015535611,1958.760570907846
100000000000010000000000000000000000000000100000000001000000,0.08539820015535611,1958.760570907846
100000000000010000000000000000000000000000100000000001000000,0.08539820015535611,1958.760570907846
100000000000010000000000000000000000000000100000000001001000,0.08927092724875493,2389.9690230956517
100000000000010000000000000000000000000000101000000001000000,0.0794260081448219,2750.555795027993
100000000000010000000000000000001000000000100000000001000000,0.08539820015535611,2625.630947152901
100000000000010000001000000000000000000000100000000001000000,0.08078903332158854,2676.5761482375196
100000001000010000000000000000000000000000100000000001000000,0.08666575663087013,2666.794998266656
100000000000010000000000000000000000000000100000000001000000,0.08539820015535611,1958.760570907846
100000000000010000000000000000000000000000100000000001010000,0.10164731313555106,2066.4777434875123
100000000000010000000000000000000000000000100000000001010000,0.10164731313555106,2066.4777434875123
100000000000010000000000000000000000000000100000000001010100,0.09292335984708938,2314.0523030696477
100000000000010000000000000000000000000000100100000001010000,0.09061484169258276,2666.3513736391574
100000000000010000000000000000000100000000100000000001010000,0.10164731313555106,2514.1531616970647
100000000000010000000100000000000000000000100000000001010000,0.11168663575724527,2563.8165482735176
100000000100010000000000000000000000000000100000000001010000,0.11984616219334687,2554.858220303099
100000000000010000000000000000000000000000100000000001010000,0.10164731313555106,2066.4777434875123
100000000100010000000000000000000000000000100000000001010000,0.11984616219334687,2554.858220303099
100000000100010000000000000000000000000000100000000001010010,0.12307686737802122,2760.787486890846
100000000100010000000000000000000000000000100010000001010000,0.11984616219334687,2677.626608872913
100000000100010000000000000000000010000000100000000001010000,0.11984616219334687,2805.1414984780117
100000000100010000000010000000000000000000100000000001010000,0.12098280594334689,2731.7408242920137
100000000110010000000000000000000000000000100000000001010000,0.11739693229347736,2841.862379600841
100000000100010000000000000000000000000000100000000001010000,0.11984616219334687,2554.858220303099
100000000100010000000000000000000000000000100000000001010001,0.13185017613597355,3037.9427805716246
100000000100010000000000000000000000000000100001000001010000,0.16924812716939625,2815.3318260572782
100000000100010000000000000000000000000000100001000001010000,0.16924812716939625,2815.3318260572782
100000000100010000000000000000000001000000100001000001010000,0.17335420216939623,3150.3778597042547
100000000100010000000001000000000000000000100001000001010000,0.17335420216939623,3055.604327186111
100000000101010000000000000000000000000000100001000001010000,0.16982866288316173,3268.35205156983
100000000100010000000000000000000000000000100001000001010001,0.16601312273775698,3298.4163863258036
100000000100010000000000000000000000000000100001000001010000,0.16924812716939625,2815.3318260572782
100000000100010000000000000000000000001000100001000001010000,0.17248266458189626,3402.3108108519946
100000000100010000000000001000000000000000100001000001010000,0.17028828458189627,3493.352117251978
100000000100011000000000000000000000000000100001000001010000,0.17028828458189627,3421.2279161538236
101000000100010000000000000000000000000000100001000001010000,0.16984955078436215,3870.9693012527923
100000000100010000000000000000000000001000100001000001010000,0.17248266458189626,3402.3108108519946
100000000100010000000000000000000000000000100001001001010000,0.16489475163984413,3845.7717922874153
100000000100010000000000000000000000000000100001000001010000,0.16924812716939625,2815.3318260572782
000000000100000000000000000000000000000000100001000000010000,0.15348351328590135,1285.7941782588236
000000000100000000000000000000000000000000100001000000000000,0.12129559511090134,1121.498192854329
000000000100000000000000000000000000000000000000000000000000,0.05068408969741005,448.4685696012415
000000000000000000000000000000000000000000000000000000000000,0.0,0.0
