config,science,cost
000000000010000000010000000000100000000001000000010010100000,0.0992723439247124,3768.2712534833136
100000000000000010100000000000000000000000000100001000000010,0.05661096253437503,2486.9062969266374
000010000000000010100010000000000000000000000100001000000010,0.08536982765000001,3058.4590311549987
000101000000000001000010000000000010010001001000000011010000,0.062151853913217314,6857.193075102145
000000000000001000000010000000011000000000000000100000000100,0.05005577979608944,2387.6782514422935
000101000001000000000000001000000000000100000000001000000001,0.07305150567508178,4515.960231327171
010001000000001000000000000000000000000000100000010010110000,0.11289587852785277,4508.0434741612935
000000100010000100000000000100000010000000000000101000110000,0.09961119830808796,3793.983199763059
000000010000000000000000000000100000000000000000000011010000,0.06877024324359005,2617.1360968644894
000000000010000100000000000000000000000000011000000000000010,0.02939704914558794,2091.143780208481
000000000000000000000000000001000000000000000001000000000000,0.08287625096447404,1373.5414354824024
000001010000000000000000000100000010000000000000101000110000,0.12297623179073947,3485.982381999155
000010110000010010000000000000000000010000000000000011011001,0.13408392247801237,5612.572035925419
000000000010000100000000000100000010100000000000101000110000,0.08841712580808792,3726.2667047824093
000000001000000010100000000000000000000000000100000011010000,0.09142777470756236,4023.5062107758704
000000000010000000010010000000011000000000000000000000000100,0.07571086330244614,1808.7669538088608
000001010000000000000000000100000010000000000000101000110010,0.12989362147860772,4662.641617809177
000010000000000010100010100000000000000000000100001000000010,0.08536982765000001,3316.9644036510804
000000000010000000010010000000011000000000000000000000001000,0.06932044563596185,2009.9304783570215
000000010000010010000000000000000000010000000000000001011001,0.08470144608898666,3934.1601049092114
000001010000000000100010000000000100000000000100001000000010,0.11388039663725702,3422.2288615543284
000101000001000010000000001000000010000000000000101000110000,0.10308997048137647,4826.059581638453
000000000010000100000000000100000010100000100000101000110000,0.0892049483080879,4041.8292259644786
001001010000000000000000000000000000000000000000000000000000,0.04301031346927042,2210.6957352558034
000000100010000000000000000000000000000000000000000000001010,0.08081566560981879,1438.4187049081231
000001000100000000000001101001011000000001000000010010100000,0.15308078207308684,7513.185038935309
000010000000000010100010000000001000000000000100001000000010,0.08536982765000001,3725.329407400054
000001000100000000000001001001011000000001010000010010100000,0.15266577718460772,7293.243012032557
000001010000000010100010000000100000000001000000010010100000,0.12473624593132016,5469.739573484238
000110000001101000100000000000000000000000000000000001001010,0.09806594427788351,5208.009515912252
000000010000000000100000000000000000000000000100000000000010,0.05178671267187496,1250.6400278235128
000000000000000000000000000001000000000000100010001000000011,0.1189085410114823,2588.592367453679
000000000010000000010000000010100010000000000000000000111001,0.10602682792948948,3321.168871297918
000001010000000000001000000100000010000000000000000000001000,0.1064140716874662,3589.8403722802445
000000000000000000000000000001000000000000000000100000001010,0.07499169281539986,2096.2984111734595
101000010001000000000000000010101001101000000000000000001010,0.14950216154614937,6522.020939359926
000000010000000000100100000000000001101000000000000000001010,0.16227389014533222,3233.4278506916685
000000000000000000000000000000000001000000000000000000000000,0.05414406562499996,363.9592794270581
101000000010000000010010000000011000000000000000000000000100,0.10342614230578362,3432.4822732412213
000001000000100000000000000000000000001000000000000000000000,0.059698424243346815,1937.514150511396
000000000000000000000000000000000001101000000000000000001011,0.09614106892895935,2436.781927420119
000000000100000000000001101001011000000001000000010010110000,0.18286249643459984,6797.247965711637
000001000100000000000000000000000000000000000000000000001010,0.07818702745404138,2100.915889587106
000000000100000000000000101001011000000001000000010010110000,0.13367731109431435,6431.312527789917
000000000100000000000001101001011000010001000000010010100000,0.15722111109313408,6973.088958057084
000001010000000000100010000000000100001000000000000000000000,0.06625314476225697,2855.56775097628
000000000000010000000000000000000000000000000000000000000001,0.08302487812500003,639.9710435273994
000000000100000000000001101001011000010001000000000011010000,0.14065320938418657,6930.653696136139
000000000000000000000000000001000000000010000000000000000000,0.04924256771604685,1600.3933472795975
000010110000010010000000000000000000010000000000000000001010,0.11944351221534655,3632.0272352379297
000000000000000000000000000000000000000000000000000000000110,0.04900403336841175,619.9552037112885
000000000000010000000000000010000000000000000000000000000001,0.08499313177500001,1264.1511190453111
000000000000000000000000000101000010000000000000101000110000,0.09115845540838818,3207.0452384835125
100000000100000001000000000010101001101000000000000000001010,0.13747337171920648,6175.147390104974
000001010000000010001000000100000010000000000000000000001000,0.10260382867590312,4554.115473153579
000001000000100000000000000000000000010001000000110010100000,0.10253092708737599,4705.895760667299
000000000000010000000000000000000000100000000000000000000001,0.08302487812500003,890.7705350361775
100000000100000000010000000010100010000000000000000000111101,0.11930526491561377,4039.819501887744
000000000000000000010000000001000000000000000000000000001010,0.08437619903931637,1999.2313584563865
000000000100000000000000101001011000100001000000010010110000,0.1310162230561942,6698.314854289602
000010000000000010100010000000000001000000000100010010100000,0.13249601895556873,4428.079266178454
000000000000000000000000100000000000100000000000000000000001,0.05757812812499996,880.5708964720372
000000100010000000010000000010100010000000000000010010100000,0.08862669083056873,3752.2415762673554
000010110000010000000000001000000000000000000000000000000100,0.11232440949719136,2447.079670294724
000000000100000000000001101001011100010001000000000000000100,0.1242085911944193,5688.4906845396545
000100000000000000000001101001011000000001000000010010110000,0.1576467107432742,7214.689277217033
000000000100000000000001101001011000000000000000010000001010,0.14920810618627056,4914.644361937304
000000000000000000000000000000000000001000000000100000001011,0.06431181843079747,2240.37991421654
000000000000010000000000000000000000000000000000000000001110,0.0659569713458833,1329.7746739790464
000000010000000000000001001001011000000001000000010010101000,0.1372381826614386,6499.180532978402
100000000100000001000000000000000000000000000000000000001001,0.1246297322991281,2860.154617448137
000001000000010000000000000010000000000000000000000000000001,0.11724990513243139,2273.455665727328
000000010000000000000000010001000000000000000000000000001010,0.07734327625456505,2324.2153670644702
000000000000000000000000000001000000000000000010001000000011,0.1040078479238491,2264.585369888132
000000001000000000010000000010100010000000000000000000111001,0.11115552388112526,3736.6599889482864
100000000100000001000000000010101001101000000000000000101010,0.14125053245221508,6688.7338950712765
000100000000000000000001101011011000000001000000010010110011,0.15335798898761133,8779.958765981466
000100000000000000000001101011011000000101000000000000000100,0.11671355465653999,7198.27101190734
000000000000010000000000000000000000000000100000000000000001,0.10328617571249998,1052.5872672619591
000000000000000000000000000000000001101001000010001000000011,0.09992556792346874,3879.655898946487
101100000000000000000000000000000001000000100000000000000000,0.08459534234376154,3016.445891857485
000000000100000000000000000000000000000000000000000000011010,0.1041384082925485,1387.459223457789
000000010100000000000001101001011000000000000000000000000100,0.1207010293724411,4363.672830318565
110000000100000000000001001001011000000001000000010010100000,0.15972486308140577,6977.276743630913
000001000001010000000000000010000000000000000000000000001010,0.12604125234445307,3232.6786705156164
000010110000010000000000000000000000000000010100000000000010,0.09030286584687497,2092.070952231874
000010000000000010100010000000000001000000000100110010100000,0.14150437440364516,4697.9436756483565
000001010000000000100010000010000000000000000000000000001001,0.13064610221139783,3466.3323984057924
000100000000000000010000100000000000100000000000000000000001,0.07213838702512043,1913.7269976372786
000000000000000000000000000000000000000100000001010010100000,0.06023649578364787,3241.790188420226
000101000000000000000001101001011000000001000000000000001010,0.13458277225450088,6812.405490146122
000000010000000000000000000000000000000000000000000100000001,0.02422114998905922,1441.2833006185285
000000010000000000000100000000000000000000000000000000000000,0.057796622631621,615.771511426611
110000000100000000000001001001011000000001100000010010100011,0.1558582213398474,8170.094136332797
000001000100000000000000000010100000000000000000000000001010,0.09706663335776755,3081.199182601495
