config,science,cost
000000000000000000000000100000000000000000000000000000000000,0.0,258.5627292295798
000000000000000000000000000000000000100000000000000000000000,0.0,250.8605824203334
000000000000000000000000000000000000000000000000100000000000,0.0144620975,250.88035225693346
000000000000000000000000000000000000000000000000110000000000,0.05215720135,411.53819191200853
000000000000000000000000000000000000000000000000111000000000,0.03964326181548245,1798.9517204896574
000000000000000000000000000000000000001000000000110000000000,0.052921852600000006,1080.5237691301927
000000000000000000000000001000000000000000000000110000000000,0.052921852600000006,1089.558483106708
000000000000001000000000000000000000000000000000110000000000,0.052921852600000006,1094.9079475405288
001000000000000000000000000000000000000000000000110000000000,0.052921852600000006,1094.9079475405288
000000000000000000000000000000000000000000000000110000000000,0.05215720135,411.53819191200853
000000000000000000000000000000000000000000000000010000000000,0.02944290135,258.7511670871233
000000000000000000000000000000000000000000000000110000000000,0.05215720135,411.53819191200853
000000000000000000000000000000000000000100000000110000000000,0.05215720135,1205.6389331278697
000000000000000000000000000100000000000000000000110000000000,0.05215720135,1272.3041985905893
000000000000000100000000000000000000000000000000110000000000,0.054190100183087925,1277.3878667829936
000100000000000000000000000000000000000000000000110000000000,0.05584315087512044,1277.3878667829936
000000000000000000000000000000000000000000000000110100000000,0.01126515928620257,1350.0364352306813
000000000000000000000000000000000000000000000000110000000000,0.05215720135,411.53819191200853
000000000000000000000000000000000000000000000000110010000000,0.04025482027596018,1672.4028774989638
000000000000000000000000000000000000000010000000110000000000,0.06511473135000001,1009.6036468338275
000000000000000000000000000010000000000000000000110000000000,0.054125455,1035.7182674299202
000000000000000010000000000000000000000000000000110000000000,0.054125455,1041.5431802812868
000010000000000000000000000000000000000000000000110000000000,0.054125455,1041.5431802812868
000000000000000000000000000000000000000000000000110000000000,0.05215720135,411.53819191200853
000000000000000000000000000000000000000001000000110000000000,0.08664753179518607,1429.5706177003324
000000000000000000000000000001000000000000000000110000000000,0.08641434136604682,1413.8660842697868
000000000000000001000000000000000000000000000000110000000000,0.08290885576677513,1420.8427385940254
000001000000000000000000000000000000000000000000110000000000,0.09509957434334684,1420.8427385940254
000001000000000000000000000000000000000000000000110000100000,0.11019255880913723,1731.9798589503494
000001000000000000000000000000000000000000100000110000000000,0.10721035630913722,1833.4589623285851
000001000000000000000000000000100000000000000000110000000000,0.10721035630913722,1848.580759473362
000001000000000000100000000000000000000000000000110000000000,0.10721035630913722,1852.3990987279562
000001100000000000000000000000000000000000000000110000000000,0.10154499866841775,2066.7586404438075
000001000000000000000000000000000000000000000000110000000000,0.09509957434334684,1420.8427385940254
000001000000000000000000000000000000000000000000110000010000,0.12607494309334685,1489.0152707314005
000001000000000000000000000000000000000000000000110000010000,0.12607494309334685,1489.0152707314005
000001000000000000000000000000000000000000000000110000011000,0.09713769166090636,2325.9783775120227
000001000000000000000000000000000000000000001000110000010000,0.12607494309334685,2130.1094364291803
000001000000000000000000000000001000000000000000110000010000,0.12607494309334685,2155.885646976456
000001000000000000001000000000000000000000000000110000010000,0.13305473899813275,2158.2266352300317
000001001000000000000000000000000000000000000000110000010000,0.11398386600792249,1985.6256086373273
000001000000000000000000000000000000000000000000110000010000,0.12607494309334685,1489.0152707314005
000001000000000000000000000000000000000000000000110000010100,0.08910425019937039,2123.6874793370453
000001000000000000000000000000000000000000000100110000010000,0.12607494309334685,1928.9883161984278
000001000000000000000000000000000100000000000000110000010000,0.12607494309334685,1936.6906889409534
000001000000000000000100000000000000000000000000110000010000,0.1550275084255635,1937.4236340969906
000001000000000000000100000000000000000000000000110000010000,0.1550275084255635,1937.4236340969906
000001000000000000000100000000000000000000000000110000010001,0.16959115067018657,2806.5544142259323
000001000000000000000100000000000000000000000001110000010000,0.20192003691464805,2308.6371772216144
000001000000000000000100000000000000000000000001110000010010,0.20080856954595386,2894.607550548595
000001000000000000000100000000000000000000000011110000010000,0.20192003691464805,2414.9221625571386
000001000000000000000100000000000010000000000001110000010000,0.20192003691464805,2558.9204553965274
000001000000000000000110000000000000000000000001110000010000,0.19972505019596515,2581.86721309752
000001000010000000000100000000000000000000000001110000010000,0.19804242183439244,2626.834146686787
000001000000000000000100000000000000000000000001110000010000,0.20192003691464805,2308.6371772216144
000001000000000000000100000000000000000000000001110000010001,0.18966117886656006,3177.7679573505566
000001000000000000000100000000000000000000000001110000010000,0.20192003691464805,2308.6371772216144
000001000000000000000100000000000001000000000001110000010000,0.20694570183333355,2643.221100324604
000001000000000000000101000000000000000000000001110000010000,0.20005386079981707,2751.3529652937527
000001000001000000000100000000000000000000000001110000010000,0.19854741744433146,2780.15381834866
000001000000000000000100000000000000000000000001110000010000,0.20192003691464805,2308.6371772216144
000001000000000000000100000000000000000000000001110000010100,0.15450398456779135,2943.3093858272596
000001000000000000000100000000000000000000000101110000010000,0.17166369429600603,2851.793968591087
000001000000000000000100000000000100000000000001110000010000,0.20192003691464805,2756.312595431167
000001000000000000000100000000000000000000000001110000010000,0.20192003691464805,2308.6371772216144
000001000100000000000100000000000000000000000001110000010000,0.19059452566733898,2570.6514803223517
000001000000000000000100000000000000000000000001110000010000,0.20192003691464805,2308.6371772216144
000001000000000100000100000000000000000000000001110000010000,0.18557446166394279,2974.320386907191
000101000000000000000100000000000000000000000001110000010000,0.18762544631751712,3008.3591152558756
000001000000000000000100000000000000000000000001110000010000,0.20192003691464805,2308.6371772216144
000001000000000000000100000000000000000000000001110000010000,0.20192003691464805,2308.6371772216144
000001000000000000000100000000000000100000000001110000010000,0.20192003691464805,2450.0993943458884
000001000000000000000100100000000000000000000001110000010000,0.20192003691464805,2567.142549717696
000001000000100000000100000000000000000000000001110000010000,0.19790080509211838,2607.833317282807
100001000000000000000100000000000000000000000001110000010000,0.19636478356486764,2615.7508709932454
000001000000000000000100000000000000000000000001110000010000,0.20192003691464805,2308.6371772216144
000001000000000000000100001110000000000000000001110000010000,0.20447976562126347,5226.775664777614
000001000000000000000100000100000000000000000001110000010000,0.20192003691464805,3169.4031839001955
000001000000000000000100001010000000000000000001110000010000,0.20752272411188938,4522.56230132826
000001000000000000000100000010000000000000000001110000010000,0.20388829056464802,2932.8172527395263
000001000000000000000100000000000000000000000001110000010000,0.20192003691464805,2308.6371772216144
000001000000000000000100000000000000001110000001110000010000,0.16603146860242016,5125.81261237983
000001000000000000000100000000000000000000000001111010010000,0.16645233738309012,4608.068926216652
000001000000001110000100000000000000000000000001110000010000,0.1871884428090393,5075.38703552114
001111000000000000000100000000000000000000000001110000010000,0.1894755419874292,5147.547491814273
000001000000000000000100000000000000000000000001110000010000,0.20192003691464805,2308.6371772216144
000001000000000000000100110000010000000000000001110000010000,0.20192003691464805,2814.0634950896224
000001000000000000000100000000000000000000000001110000010000,0.20192003691464805,2308.6371772216144
000001000000000000000100001010001000000000000001110000010000,0.20547803575901097,5009.20768376253
000001000000000000000100000000000000000000000001110000010000,0.20192003691464805,2308.6371772216144
000001000000000000000100100000000000000000000001110000010000,0.20192003691464805,2567.142549717696
000001000000000000000100010000000000000000000001110000010000,0.20192003691464805,2576.4884472126214
000001000000000000000100000000000000000000000001110000010000,0.20192003691464805,2308.6371772216144
000001000000000000000100001000000000000000000001110000010000,0.20268468816464802,2986.6574684163143
000001000000000000000100000100000000000000000001110000010000,0.20192003691464805,3169.4031839001955
