config,science,cost
000000000000000000000000100000000000000000000000000000000000,0.021025948837500003,412.61622373455975
000000000000000000000000100000000001000000000000000000000000,0.03783513597875632,1588.1020098005288
000000000000000000000000101000000000000000000000000000000000,0.014828369283726101,1204.4114478547067
000100000000000000000000100000000000000000000000000000000000,0.067948262094121,861.1808950492991
000010000000000000000000100000000000000000000000000000000000,0.022162592587500002,666.3364705828221
000000000000000000000000100000000000000000000000000100000000,0.07171003853491004,861.1808950492991
000000000000000000000000000000000000000000000000000000000000,0.0,0.0
000000000000000000000000100000000000000001000000000000000000,0.07860407696249999,783.8822562017373
000000000000000000000000100000000000000000000000000100000000,0.07171003853491004,861.1808950492991
000000000000000000000000100000000000000000000000100000000000,0.0327478624125,806.8212411837891
000000000000100000000000100000000000000000000000000000000000,0.022341612412500003,803.0089833425848
000000000000000000000000100000010000000000000000000000000000,0.021025948837500003,574.9000530747271
000000100000000000000000100000000000000000000000000000000000,0.0354880463375,671.9923435065807
000000000000000000000000100000000000000000000000000000010000,0.0457080475875,681.4673475853369
000001000000000000000000100000000000000000000000000000000000,0.0751700144625,778.5516616562801
000100000000000000000000100000000000000000000000000000000000,0.067948262094121,861.1808950492991
000000000100000000000000100000000000000000000000000000000000,0.023058847670587926,1278.4658986055447
000000000000000000000000100000000000001000000000000000000000,0.05904076913885316,1053.773389555001
000000000000000000000000100000000000000001000000000000000000,0.07860407696249999,783.8822562017373
000000000000000000000000100000000000000001000000010000000000,0.0910308600875,951.1886824959934
000000000000000000000000100000000000000001000000000000000010,0.07860407696249999,1413.8872445710158
000000000000000000000000100000000000000001000100000000000000,0.03437278945155926,1686.593098058832
000000001000000000000000100000000000000001000000000000000000,0.08119670812499999,1467.2520118302577
000000000000000001000000100000000000000001000000000000000000,0.0801765769625,1118.4663033652523
000100000000000000000000100000000000000001000000000000000000,0.11875673845234067,1232.2906195673274
000000010000000000000000100000000000000001000000000000000000,0.10328617571250001,1052.5872672619591
000000000000000000000000100000000000000001000000010000000000,0.0910308600875,951.1886824959934
000000000000000000000000100000000000010001000000010000000000,0.1161030407125,1009.5079819493628
000000000000000000000000100000000000000000000000010000000000,0.0334527319625,580.0152672734271
000000000000000000000000100000000000000001001000010000000000,0.094323458075,1525.9342496946301
000000000000000000000000100000000000000001100000010000000000,0.10444414633749999,1092.6801609861466
000000000000000000000000100000000000000001100000010000000000,0.10444414633749999,1092.6801609861466
000000000000000000000000100000000000000001010000010000000000,0.1196444257625,1101.0641878949755
000000000000000000000000100000000010000001000000010000000000,0.10700041461249998,1474.5099774979894
000000000000000000000000101000000000000001000000010000000000,0.08437567552169399,1742.9839066161405
000000000000000000000000100000000000010001000000010000000000,0.1161030407125,1009.5079819493628
000000000000000000000000100000000000010001000001010000000000,0.08364846822987776,2188.9396923788768
000000000000000000000000100000000100010001000000010000000000,0.09659547738005872,1959.1492403096945
000000000000000000001000100000000000010001000000010000000000,0.117907849375,1687.5282731440625
000000000000000010000000100000000000010001000000010000000000,0.1161030407125,1259.7912601242754
000000000000000000000000100000000000010001000000000000000000,0.1112956576375,842.2015556551066
000000000000000000000100100000000000010001000000010000000000,0.1161030407125,1870.2739886279437
000010000000000000000000100000000000010001000000010000000000,0.1172396844625,1263.2282287976252
000000000000000000000000100000000000000001010000010000000000,0.1196444257625,1101.0641878949755
000000000000000000000000100000000000010001010000010000000000,0.1435687413875,1164.1518460776283
000000000000000000000000110000000000000001010000010000000000,0.1196444257625,1160.329650033577
000000000000000000000000100000000000000001010000010010000000,0.1202127476375,1253.84527687528
000000000000000000000100100000000000000001010000010000000000,0.1196444257625,1961.8301945735561
000000000000000000000000100000000000000001010010010000000000,0.09892100069357104,2437.393672368508
000000000000000000000000100000000000000001010000010000000010,0.12062855258750001,1630.1612450157663
000000000000000000000000100000000000010001010000010000000000,0.1435687413875,1164.1518460776283
001000000000000000000000100000000000000001010000010000000000,0.12280096541728591,1770.2755523936066
000000000000000000000100100000000000000001010000010000000000,0.1196444257625,1961.8301945735561
000000000000000000000000100000000000000001010000000000000000,0.1077859895625,933.7577616007193
000000000000100000000000100000000000000001010000010000000000,0.12017226683750001,1491.2772234798622
000000000000000000000000100000000000000000010000010000000000,0.0615626351375,838.7664343605504
000000000000000000000000100000000000001001010000010000000000,0.09589986949891971,1972.4544511115414
000000000000000000000000100000000000000001011000010000000000,0.10288664740039713,2562.5156252891716
000000000000000000000000100000000000000001010000000000000000,0.1077859895625,933.7577616007193
000000000000000000000010100000000000000001010000010000000000,0.12062855258750001,1725.2442634128874
000000000100000000000000100000000000000001010000010000000000,0.12167732459558793,1966.9138627659604
000000000000000000000100100000000000000001010000010000000000,0.1196444257625,1961.8301945735561
000000000000000000000000100000000000100001010000010000000000,0.12315446933750002,1419.239250328906
000100000000000000000000100000000000000001010000010000000000,0.15332542153060832,1549.4725512605655
000000000000000000000000100000000100000001010000010000000000,0.10302196872565589,2050.7054462553074
000000000000000000000000100000000000000001010010010000000000,0.09892100069357104,2437.393672368508
000000100000000000000000100000000000000001010000010000000000,0.13100157576250002,1360.2882145061708
000000000000000000000000100000000000010001010000010000000000,0.1435687413875,1164.1518460776283
000000000000000000000000100000010000000001010000010000000000,0.1196444257625,1263.3480172351428
000000000100000000000000100000000000000001010000010000000000,0.12167732459558793,1966.9138627659604
000000000000000000000001100000000000000001010000010000000000,0.13851861543960728,2103.3920802527537
000000000001000000000000100000000000000001010000010000000000,0.1350131298403356,2110.368734576992
000000000001000000000001100000000000000001010000010000000000,0.14168110991059202,3112.6966269347704
000000000001000010000000100000000000000001010000010000000000,0.1350131298403356,2360.6520127519047
000000000001000000000000100000000000000001010000010000001000,0.1383912872528356,2692.3628235769647
000000000000000000000000100000000000000001010000010000000000,0.1196444257625,1101.0641878949755
000000000010000000000000100000000000000001010000010000000000,0.12062855258750001,1731.069176264254
000000000010000000000000100000000000000001010000010000000100,0.11546299421093342,2550.4964185346544
000000000010000000000000100000000000000001010000010001000000,0.12914213696250001,1964.9605151652813
000000000010000000000000100000000000000001010000010000000001,0.138865721567131,2693.8478404147695
000000000010000000010000100000000000000001010000010000000000,0.12062855258750001,1998.9204462552611
000100000010000000000000100000000000000001010000010000000000,0.1453018684689946,2496.022548452743
000000000000000000000000100000000000000001010000010000000000,0.1196444257625,1101.0641878949755
000000000000000000000010100000000000000001010000010000000000,0.12062855258750001,1725.2442634128874
000100000000000000000000100000000000000001010000010000000000,0.15332542153060832,1549.4725512605655
000100000000000000000000100000000000000011010000010000000000,0.1598108829697189,2193.1576169958175
000100000000000000000000100000000001000001010000010000000000,0.1567860798941818,2724.9583373265345
000100000000000000000000100000000001000001010000010000000000,0.1567860798941818,2724.9583373265345
000100000000000000000000100000100000000001010000010000000000,0.15332542153060832,1703.2183402168534
001100000000000000000000100000000000000001010000010000000000,0.13994405015410455,2026.560414044659
000100000010000000000000100000000000000001010000010000000000,0.1453018684689946,2496.022548452743
000100010000000000000000100000000000000001010000010000000000,0.1469383568955999,1867.108003741203
000100000000000000000000100000001000000001010000010000000000,0.1565599589431083,2141.9523325069367
000100000000000000000000100010000000000001010000010000000000,0.15332542153060832,1672.2409398303796
000100000000000000000000100000000000001001010000010000000000,0.13385278675323756,2420.8628144771315
