config,science,cost
000101000000000000000110100000100000000000100000000000000010,0.10417960582909758,3604.45009060585
010000000000000010000001000001100001000000000000000000000000,0.11310547428992701,3300.7234491692875
100011000000000000000110100000100000000000100000000000000010,0.11455833162985785,4199.92148875572
000000000000000000010000000000000000000000000000010000000001,0.09938312817499995,688.4479641604158
000001001110100000010000000010000000001000100100000001010000,0.1120064883713443,6091.9573766542835
000001001110100000010000000010000000001000100100100000000000,0.0779129552006943,5316.493400507126
101010000000100000011000000010000001000010000000000001000010,0.14935788551251894,6293.318687671423
000001000000000001000000010001000001000000000000100000001010,0.10562223862521813,4921.7251946782135
000000000000100000000101000000000000100001000000000000000000,0.07552340116292555,2513.2148283547663
100000000000000000100000100000000110110010000000000000101001,0.10944711763226433,5005.684385903137
000001100000000010000000000000000100000000000001000000000000,0.09672049426107165,3104.114398235254
000011000000000000010000000000100000000000000000010000000001,0.1369826294830413,3113.4153518693893
010001000110010000000001000000000100000000000001000100000000,0.11529368906252935,4028.6417536679173
000101000000100000000001000001100001000000000000000000000001,0.10845492373907895,4701.393584606543
000000001000000000000001100000000110110000000000010001000001,0.09097063527274984,4195.157972605264
000000000000100000000101000000000000100001000001100100000000,0.07835150503855515,4005.7415069522876
001000001000000000000001100000000000100001000000000000000000,0.08389243476789254,3635.9112507750233
001000000000010000000001000010000011010100000010101000000000,0.11486701754999995,5198.0839627757305
000000000100000000000100000000010000100000100000000000000000,0.07791339307414935,1630.5372771701018
000000000010100000000001000001100001000000000000000000000001,0.09869299231492701,3246.0873467385277
000010110000100000000101000000000000100001000100000000000000,0.10698733496519597,3814.6424394248093
000010000000000000010000000000000000000000000000000000000000,0.01287238504999999,797.3114146635346
000000001000000000000000000000000000000000100000000000000000,0.0271095689676778,1081.8275882331907
000000000100000000000000000000000000000000000001000000000000,0.09976598377340129,819.6219064902141
000000000000000000000001000000001000000001000000000000000000,0.0815398660972998,2050.8382399550997
000000001000000000000000100000000000000000100000000000000000,0.0271095689676778,1340.3329607292721
100000000000000000000100000001000000100000000000000000000000,0.08587005102933865,1960.759773843342
000000100000000000001000000000000100000000000001000100000000,0.0988695550430686,2713.892699842862
000010010001000101010000001110100100000000000001010001000000,0.1334669406612956,9011.027871788425
000011000000000000010000001000000000000000100000000000000000,0.06334950932872796,3255.172308053153
000000000000000000000000010000000000000000100000000000000000,0.021025948837499975,680.6151190727941
000010110001000101010000001110100100000000000000000000000110,0.16894128108771456,8740.897533998097
000010110001000101010000001110100100000000001000000001000010,0.14808860633811594,9886.192194046564
001000000000000000000000010000000000000000000000000000000000,0.0022939537499999663,951.2210256195274
000000000100000000000110000000010000100000100000000000000000,0.0783863447204215,1903.447622819172
010000000000000000000001000001100001000010000000000000000001,0.126063004289927,3697.884354680028
000010110001000101010000001110100000000000000000000000000100,0.16613750026113916,8313.630866897927
100000000000000000000000000000000000100001000100000000001000,0.06758217201092376,2425.124930369507
010000000000000000000001000001100001000000000000010000000001,0.11507372793992698,3249.9665324727694
000000000100000000000100000001100001000000000000010000000101,0.10542365107607576,4162.125589309024
000010110001000101010100001110100000000000000000010000000001,0.15970125115240763,8611.25092893633
000000001000000000000001101001100001000000000000000000000001,0.08387836389148262,4933.389925020035
000000000000000000010000000000000000000100000000010000000001,0.09938312817499995,1482.5487053762768
000010100001000101010000001110100001000010000000000000000001,0.1337603097801192,9151.08106750591
000011000000000010000000101000000001000011010000000000000000,0.10551076613684018,6472.618140634988
010001000110010000000001000010000001000010000001000001110101,0.14608070026626008,7180.779105634425
000000000000000000010000000000010000000000000000000000000000,0.010874309375000002,334.33870365899054
000000000000000000000000010000000010000000100000000000101001,0.08508713777697441,2523.963855934638
000010110001000101010000001110100100000001000000000000000000,0.14263290952913787,9038.716839531848
010000000000000000001001000001100001000000000001000100000000,0.11775182699445996,4680.796586962462
000010110001000101010000001110100100000000000000000000000101,0.1636241556294663,8981.20345087518
101010000001100000011000000010000001000010000000000001000010,0.14888942807077532,6817.884261394116
010000000000000000000001000001000001000000000000010000000001,0.11228240939812062,2624.3013115592876
000010110001000101010100001110100000000000000000010000010001,0.18090371570235853,8674.418170919284
100000000000000000010000000000000000000000000000000000100000,0.046362355712500025,839.3958687540546
000000000100000000000000000000000000000000000000000000010000,0.08066016914966001,612.7644519666596
010000000000000000000001000001100001000000000000011000000001,0.11608254439821841,4688.582411432651
