config,science,cost
000000000000000000000000000000100000000000000000000000000000,0.0,250.8605824203334
000000000000000000000000100000100000000000000000000000000000,0.021025948837500003,566.3620126908477
000000000000000000000001000000100000000000000000000000000000,0.03425714001604683,1253.1273838665566
000000000000000000000000000000100001000000000000000000000000,0.02874194203765507,1283.6768536353497
000000000000000000000000000000100100000000000000000000000000,0.0,1068.4992148511767
000000000000000000000000000000100000010000000000000000000000,0.02997607945225,415.1564647857515
001000000000000000000000000000100000000000000000000000000000,0.006083620130177763,920.0108560074091
000000000000000000010000000000100000000000000000000000000000,0.0,518.7633760450699
000000000000000000000000000000100000000000000000000000010000,0.02544675,519.6156045576128
000000000000000001000000000000100000000000000000000000010000,0.079590815625,883.4637819960581
000000000000000001000000000000100000000000000100000000010000,0.08336642357539083,1677.6997958721813
000000000000000001000010000000100000000000000000000000010000,0.083586966975,1419.017974485094
000000000000100001000000000000100000000000000000000000010000,0.10035577571250001,1221.2695124582312
000000000010000001000000000000100000000000000000000000010000,0.083586966975,1513.4687703653367
000000000000000001000000000000100000000010000000000000010000,0.09792479633437501,1094.9324330065874
000000000000000001000000000000100000000000000000000000010010,0.07830217174393807,2098.1574253715316
000000000000000001000000000000100000000000000010000000010000,0.096544496975,1481.6810752184124
000000000000000001000000000000100000000000100000000000010000,0.09094796562500002,1134.2830912388295
000000000000100001000000000000100000000000000000000000010000,0.10035577571250001,1221.2695124582312
001000000000100001000000000000100000000000000000000000010000,0.10643939584267777,1890.4808769568622
000000000000100001000000000000100000001000000000000000010000,0.13837059601385315,1862.4266782786726
000000000000000001000000000000100000000000000000000000010000,0.079590815625,883.4637819960581
000000000000100001000000010000100000000000000000000000010000,0.10035577571250001,1280.017588368924
000000000000100001000000000000100000000000000000000010010000,0.10092409758750001,1398.152116447146
000000000100100001000000000000100000000000000000000000010000,0.10238867454558792,2087.1191873292164
000000100000100001000000000000100000000000000000000000010000,0.11171292571250001,1480.4935390694268
000000000000100001000000000000100000010000000000000000010000,0.13197534696250002,1385.5654978627258
000000000000100001000000000000100000001000000000000000010000,0.13837059601385315,1862.4266782786726
000000000000100001000000000000100010001000000000000000010000,0.15445744042547804,2988.0702001600857
000000000001100001000000000000100000001000000000000000010000,0.15717336259168874,2871.7312249606894
000000000000110001000000000000100000001000000000000000010000,0.13837059601385315,1928.6204055358503
000000000100100001000000000000100000001000000000000000010000,0.1404034948469411,2728.2763531496576
000000000000100001000000000000100000010000000000000000010000,0.13197534696250002,1385.5654978627258
000000000000100001000000000000100000010000000000000000110000,0.1546896469625,1560.585136457258
000000000000100001000000000000100000010000000000000000011000,0.133015504375,1991.4615879592707
000000000000100000000000000000100000010000000000000000010000,0.0773276188375,1111.7328680131163
000000000000100001000000000000100000010000010000000000010000,0.1372955494625,1538.837978283318
000000000000100001000000000000100010010000000000000000010000,0.14507998887412488,2511.2090197441394
000000000000100001000000000000100000010000010000000000010000,0.1372955494625,1538.837978283318
000000000000100001000000000000100000000000000000000000110000,0.12307007571250002,1396.2891510527634
000000000000100001000000000000100000010000000000000000110000,0.1546896469625,1560.585136457258
000000000000100001000000000000100000010010000000000000110000,0.173023627671875,1667.4721922247368
000000000000100001000000000000100000010000000100000000110000,0.1349603072845982,2309.8093132934046
000000000000100001000000000000100000010000000000000000111000,0.14537489322143068,2988.6793071062853
000000000000100001000000000000100000010000000000000100110000,0.15027657012911555,2180.5127331578833
000000000000100001000000000001100000010000000000000000110000,0.16021513446250002,1793.3454713879241
000000000000110001000000000000100000010000000000000000110000,0.1546896469625,1626.7788637144356
000000000000100001000000000000100000010010000000000000110000,0.173023627671875,1667.4721922247368
000000000000100001000000000000100000010010100000000000110000,0.17536162767187502,1816.2769064188822
000000000000100000000000000000100000010010000000000000110000,0.118375899546875,1393.445203214842
000000000000100001000000010000100000010010000000000000110000,0.173023627671875,1726.2202681354297
000000000000100001000000000000000000010010000000000000110000,0.173023627671875,1416.6727007159589
000000000000100001000000000100100000010010000000000000110000,0.173023627671875,2136.0842557332358
000000000100100001000000000000100000010010000000000000110000,0.17604065332996294,2533.3218670957217
000000000000100001000000000000100000010010100000000000110000,0.17536162767187502,1816.2769064188822
000000000000100001000000000000100000010010000000000000100000,0.139105199596875,1482.9715691811784
001000000000100001000000000000100000010010000000000000110000,0.1905473476601653,2336.683556723368
000000000000100001000000010000100000010010000000000000110000,0.173023627671875,1726.2202681354297
000000000000100001000000000000100000010010000100000000110000,0.13737036724814022,2496.058518806163
000000000000100001000000000000100000010010100000000000110000,0.17536162767187502,1816.2769064188822
000000000000100001000000000000100000010010000000010000110000,0.179184883921875,1731.4699007934782
000000000000100001000000010000100000010010000000000000110000,0.173023627671875,1726.2202681354297
000000000000100001000000000000100000010010000000000000111000,0.1637088739308057,3095.5663628737643
000000000000000001000000000000000000010010000000000000110000,0.152258667584375,1078.8669702537854
000000000000100001000000000000000000010010000000000000110000,0.173023627671875,1416.6727007159589
000000000000100101000000000000000000010010000000000000110000,0.12784843757680894,2260.6277345249346
001000000000100001000000000000000000010010000000000000110000,0.1905473476601653,2085.88406521459
000000010000100001000000000000000000010010000000000000110000,0.175021703346875,1685.3777117761806
000000000000101001000000000000000000010010000000000000110000,0.1424238471931981,2477.7053882172822
000000000000100001000000000000100000010010000000010000110000,0.179184883921875,1731.4699007934782
000000000000100001001000000000100000010010000000010000110000,0.182419421334375,2344.9145811123885
000000000000100001000000000000100000010010000000010100110000,0.17440113673902619,2410.7525892105205
000000000000100001100000000000100000010010000000010000110000,0.179184883921875,1911.721202866721
000000000000100001000001000000100000010010000000010000110000,0.15495395652563804,3152.9925414768795
000000000000100001000000000000100000010010000000010001110000,0.1787061407666412,2637.665173909547
000100000000100001000000000000100000010010000000010000110000,0.2162999421899833,2179.8782641590683
000000000000100001000000000000100000010010000000010000010000,0.15647058392187502,1566.129098234343
000000001000100001000000000000100000010010000000010000110000,0.180225041334375,2414.8396564219984
000100000000100001000000000000100000010010000000010000110000,0.2162999421899833,2179.8782641590683
000100000001100001000000000000100000010010000000010000110000,0.20043566788942627,3002.7887505762324
000100000000100001000000000000110000010010000000010000110000,0.2162999421899833,2340.567982449622
000100000000100001100000000000100000010010000000010000110000,0.2162999421899833,2360.129566232311
000100000000100001000000000000100000010010000000010001110000,0.21238713653474953,3086.073537275137
000100000000100001001000000000100000010010000000010000110000,0.2195344796024833,2793.3229444779786
000100000000100001000000000010100000010010000000010000110000,0.2162999421899833,2289.9183919638517
000100000000100001000000000000100000010010000000010001110000,0.21238713653474953,3086.073537275137
000100000000100001000000010000100000010010000000010000110000,0.2162999421899833,2238.6263400697608
000000000000100001000000000000100000010010000000010000110000,0.179184883921875,1731.4699007934782
000000000000100001000000000000100000011010000000010000110000,0.18333289964777205,2399.3377197137033
000000000000100001000000000000100000010010000000000000110000,0.173023627671875,1667.4721922247368
000000000000100001000000000000100000010010000000000000110000,0.173023627671875,1667.4721922247368
000000000000100001000000000000100000010010000000010000010000,0.15647058392187502,1566.129098234343
000000010000100001000000000000100000010010000000010000110000,0.18118295959687503,2000.1749118537
000010010000100001000000000000100000010010000000010000110000,0.21161287451250002,2177.0575158426145
000000010100100001000000000000100000010010000000010000110000,0.18402044148337968,2914.970035060775
