config,science,cost
000000100000010000000010000000000000001000000010000000010000,0.08991066999999997,1836.837800632968
001000000000000001000001100100000000000000000000000000000010,0.06558276014494335,3556.1954507875607
000000000000000000000001001000000000110001000000001000000000,0.07649710907386276,3218.259825216871
000000000000010000000000001000000000100000000000000001001000,0.06211152763765293,2646.9485554533744
000000000000000000000010000000000000000000000000000000000001,0.05871477187499996,624.98627931544
000000000000000000000100000000010000001001000010000000010000,0.09582132513880515,3015.552174790468
000000000100000000000000000001000000000000000000101000000000,0.10035168521362758,2276.074347240143
100000000000000000010001000000000101100000001000011000001000,0.12013138340070939,4467.955637319836
000000001000000001000000000000010010001000000010000000010000,0.07155395727381109,2954.3378941364767
000000010000000000000001000001001000000000000000000000000000,0.08106785546912143,2028.4541696028282
000000000000010000000000000000000010001000000001000000000000,0.08429319187500006,1464.7755950032279
001110100100000000000000000000000011001000000000100010000000,0.11538627065250362,6313.28706419818
000000010000000000000001000000100000000000000010100000000000,0.10050642133749998,1423.1768090769117
001000100000100000101100000000000000000000000000000000000000,0.07363809705141233,2889.626802066602
100000000000000000001100000010000000100000000100000000000001,0.09746119754925475,2899.577915763245
010000000001010000000000000000000000010000001001000000000000,0.09603827635000006,2145.912148884763
000000000000010000000000000000000000000001010000000000000010,0.07783404363863555,1605.8981913918306
001110100100000000000100001000000011001000000000100010000000,0.1554902430430426,7374.083959899987
000000010000000000000001000000100000000010000010000000010000,0.1251526677375,1851.183354937691
000000000000000000000101000000010010011000100100010000010000,0.12181396619731721,3879.667070269601
000000000000000000000000000000010000000010100100010000010000,0.07289358328670781,2401.6515841293685
010000000001010000000000000000000000010000011001000000000000,0.09603827635000006,2272.2109680515596
000000000000000000000010000000000000100000010000000000000010,0.04876389562500005,774.7364652782626
001110100100001000000100001000000011001000000000100000000010,0.14543111169866796,7523.221701476726
001110100100000000000000000000000011001000000000100100000000,0.0856393981310909,6107.168757955309
001000000000000000000010000010000000100000000100000000000001,0.06300680130000003,2651.947665479149
000000000000000000000001000000001000000000000000000000000001,0.05915062812500005,1374.69661437041
000000100000010000000010000000000000100000010000000010000010,0.11983379888750001,1912.889871419913
000000000000000000000101010000010010011000100100010000010000,0.12181396619731721,4070.039005148102
000100001010001000000011010001000011000000000000100010001000,0.1481065867756428,6738.1807051617525
001011010000010000000000001000010000000000000000000000000100,0.09541175673046376,4694.502127216269
100000000000000000010001000000000101100000000010000000100000,0.10653557133750002,2378.705956906504
000000010010000000000001000001001000000000000010100000000000,0.09609827484412148,2643.432182564731
001000100001000000000101000000011010001000100100010000010000,0.1902801964323606,5678.803477147165
011110100100001000000000100000010001001000100000000010000000,0.1235889229811653,6978.506755024991
000000010000000000010001000000000000000000000000000000000001,0.07583061070224995,939.4980966411391
000000000001010100000000000000000000010000001001000000000000,0.0707776235832136,2888.751952044422
000000000000000000000000000000000101100000001000011000011000,0.0672767277396571,3884.097225596964
001000100000000000000001000000001000000000000100000000000001,0.09458201562500002,2857.13244127005
000000010000000010000001000000000000000000000010100000000000,0.081478548175,1538.2341378122878
000000010000000000001001000000100000000010000010000000010000,0.1062009832498163,2637.977641668899
000000100000010000000010000000000000100000010000000011000010,0.13457993836423232,3300.5255777214384
000100100000010000000010000000000000100000010000000011000010,0.11387946056342546,4359.672854251273
000000000000010000000000000000000000000001010000000001000010,0.07203007672236539,2617.8878887231026
000000100000000000000010000000000010000000000000000000000000,0.032568842587500035,935.5598851571059
001011010000010000000000001000010001001001010000100000000010,0.15230963670807207,6838.330695168543
000000000000000000000001001000000001000000000010000100010000,0.0731684427500161,2442.1162840072507
000000100000010000000010000000000000000001000000000000000001,0.13263347955746985,2266.442433438569
001000100000000000000000000000000000000001010000000000000010,0.08173937107380425,2379.6559617642215
000000000100000000010001000000000101100000000010000000000000,0.11323538064840133,2155.173318419671
000000101000010000000010000000000000001000000010000000010000,0.09279075881582832,2691.69672010083
010000000001010000000000000000000000010100001001000000000001,0.10437923260000004,3071.791543943575
000000000010000000000010000000000001100000001000010000100000,0.12516444777187496,2361.283615322376
001011010000010000000000001001010001001001010000010000100000,0.10767002989472885,8718.998129329811
000000100000000000010001000000000000000000000010100000000000,0.11141633383750005,1324.0541542587782
000000100000010000000110000000000000001000000010000000010000,0.10536413137677536,2446.8985408949757
000000000000001000000010000000011010001000100100010000010000,0.07163228814652756,4368.317774905589
001110100100000000000100000001000101100000000010000000000000,0.07954890904745338,6464.813844492807
000000100000010000000010000100000000000001000000000000000001,0.13263347955746985,3127.208440117149
000000100000000000000000000000000000000000000000000001000000,0.05976520140535613,1449.7716696358002
000000010100000000000001000000000000000000000010100000000000,0.11864110281237583,1395.8040945691487
000000000000000100000010000000000010000000000000000000000000,0.002146583926261547,1413.424380386401
000100100001000000000101000000011010001000100101010000010000,0.1317199116928477,6674.750537700532
100100001010001000000011010001000011000000000000100010001000,0.14795120574892318,7045.353551281293
000000000100000000010001100000000101100000000010000000000000,0.11323538064840133,2462.0416644813113
000100100001000000000101000000010010101000100100010000010000,0.1315942788152421,5788.113226973089
000100000000000000000000000000000010100000000000000000000000,0.003685949525120469,1366.9324445546758
000000010000000000000001000000000000000000000010100000000100,0.10549325736177262,1464.0944671078555
000000000010010000000000000000000010001000000001000000000000,0.08486151374999995,1718.4958418514902
000000000000000000000010000000000000100000010000000000100010,0.06978984446250003,1098.882350679798
010000010001000000000101000000011010001000100100010000010000,0.17019346736821594,4966.396972363665
010000010001000000000101000000010010001000100100010000010000,0.17019346736821594,4213.807658227627
001011010000010000000000001000010001001001010000000000010001,0.16042412566425668,6877.698176845043
000000010000000000000000000000000000000000000010100000000100,0.05556050828165271,1098.1590291861348
100000000000010000000000000000000000001000100100010000010000,0.08255534228585537,2887.360695827951
010000010001000000000101000001000100000000000000000000100000,0.16081639712743367,3213.9855894596617
000000100000000000000001000000000000000000000010100100000100,0.1044115691111841,2311.0096101352533
000000000000010000000001000000000101100000001000011000100000,0.11508020562499999,3525.190478490194
010000010011000000000101000000011010001000100100010000010000,0.1640866736408474,5773.5498202444005
000000000000000000000010000000100000100000010000010000010000,0.08181621143750006,1308.5743009721568
010000000000000000000010000000010010001000100100010000010000,0.07233483603585533,3197.985073570947
000000000010000000000010000000000010000000000000000000000001,0.07591210883437505,1128.989804338615
000000010000000000000001000000000001000000000010100000000100,0.1070657573617726,1828.0537465349137
000100100001001000000101000000000000000000000000000000100000,0.08492213322882258,4356.820827749454
010000010001001000000000001000010001001001010000000000000010,0.14546912575325488,4575.247232522754
000000000010000100000010000000001010001000100100010000010000,0.08233687817774626,4723.126056020608
000000010000000000000101000000011000001000100100010000010000,0.12809630458879406,4242.203142626344
000000010000000000000001000000100000000010001010000000000010,0.11574673351275644,2902.5430917228555
010000010011000000000101000000101000000000000010100000000000,0.1498644782810088,4083.1594354133117
100000000000000000010001000000000101100000001000010000100001,0.1360752032625,3330.539559289596
001000010000000000000101000000101000000000000010100000000000,0.10495479968612254,3407.5587680234376
000000010000000000010010000000001000000000000000000000000001,0.07437216695225002,1525.5303502810498
000000010000000000000010000000000000100000010010000000000010,0.059638205000000055,1052.345358962681
010000010001000000000010000001000010000000000000000000000001,0.1272961924774021,2524.763954933946
100000010000000000000001000000001000000000000000010000010000,0.1420840188,1682.9912136345629
