config,science,cost
000000000000000000000000000000000000000000000000100000000000,0.0144620975,250.88035225693346
000000000000000000000000000000000000000000000000000000000000,0.0,0.0
000000000000000000000000000000000000100000000000000000000000,0.0,250.8605824203334
000000000000000000000000100000000000000000000000000000000000,0.0,258.5627292295798
000000000000100000000000000000000000000000000000000000000000,0.0144620975,259.2800180585232
100000000000000000000000000000000000000000000000000000000000,0.0144620975,259.2800180585232
000000000000000000000000000000000000000000000000000000000000,0.0,0.0
000000000000000000000000000000000000000000000000000000000001,0.057578128125,371.2660324671776
000000000000000000000000000000000000000000000001000000000000,0.057578128125,371.2135431246241
000000000000000000000000000000000001000000000000000000000000,0.054144065624999994,363.9592794270581
000000000000000000000001000000000000000000000000000000000000,0.054144065624999994,365.9354379217204
000000000001000000000000000000000000000000000000000000000000,0.06140520000000001,365.9354379217204
000000000000000000000000000000000000000000000000000000000000,0.0,0.0
000000000001000000000000000000000000000000000000000000000000,0.06140520000000001,365.9354379217204
000000000000000000000000000000000000000000000000000000000000,0.0,0.0
000000000000000000000000000000000000000000000000000000000010,0.018333980709375003,211.46865101052936
000000000000000000000000000000000000000000000010000000000000,0.0,211.37761473882722
000000000000000000000000000000000010000000000000000000000000,0.0,250.28327817491257
000000000000000000000010000000000000000000000000000000000000,0.0011366437500000002,253.72024684826238
000000000010000000000000000000000000000000000000000000000000,5.683218750000001E-4,253.72024684826238
000000000000000000000000000000000000000000000000000000000000,0.0,0.0
000000000011000000000000000000000000000000000000000000000000,0.06197352187500001,549.8461704409058
000000000011000000000000000000000000000000000000000000000000,0.06197352187500001,549.8461704409058
000000000011000000000000000000000000000000000000000000000000,0.06197352187500001,549.8461704409058
000000000011000000000000000000000000000000000000000000000000,0.06197352187500001,549.8461704409058
000000000011000000000000000000111100000000000000000000000000,0.06791420982353612,2211.7068504355
000000111111000000000000000000000000000000000000000000000000,0.05039448126953848,2507.3813780973446
000000000011000000111100000000000000000000000000000000000000,0.09733993259834382,2225.116472499385
000000000011000000000000000000111100000000000000000000000000,0.06791420982353612,2211.7068504355
000000000011000000000000000000000000000000111100000000000000,0.06766766012200544,2103.9360486720825
000000000011000000000000000000000000000000000000000000111100,0.11139587040287985,2104.2849588527906
000000000011000000000000000000111100000000000000000000000000,0.06791420982353612,2211.7068504355
000000000000000000000000000000111111000000000000000000000000,0.018369989929844677,2456.612738702631
000000000011000000000000000000111100000000000000000000000000,0.06791420982353612,2211.7068504355
000000111111000000000000000000000000000000000000000000000000,0.05039448126953848,2507.3813780973446
000000000011000000000000000000000000000000000000000000000000,0.06197352187500001,549.8461704409058
000000000011000000000000000000000000000000000000000011000000,0.0856763315909681,2465.4545800644364
000011000011000000000000000000000000000000000000000000000000,0.04042530880694628,2889.5493300983353
000000000011000011000000000000000000000000000000000000000000,0.07826216674944804,2547.075537270543
000000000011000000000000000011000000000000000000000000000000,0.08089128094890181,2525.840734182424
000000000011000000000000000000000000000011000000000000000000,0.0856763315909681,2464.9068949953307
000000000011000000000000000000000000000000000000000000000000,0.06197352187500001,549.8461704409058
000000000000000000000000000000000000000000000000000000000000,0.0,0.0
000000000000000000000000001100000000000000000000000000000000,4.0445017516340363E-4,1917.2593982300723
001100000000000000000000000000000000000000000000000000000000,0.00385127614839117,1934.9529816091017
000000000000000000000000000000000000000000000000000000000000,0.0,0.0
000000000000000000000000000000000000000000000000000000000010,0.018333980709375003,211.46865101052936
000000000000000000000000000000000000000000000000000000000000,0.0,0.0
