config,science,cost
000000000000001000000110001110000100000010000000000000000000,0.06392194813222374,5538.671064445994
100000001000000000000001110101100010000100000000000000000001,0.07873146694675337,5785.722811591528
010101000001010100000000001000000001000000000000000001001000,0.10627776574565218,6007.357837398198
000010000101011000000010011001001000000000000000000000001100,0.11124622649223315,7558.10715324571
000000000000000000000000000010000000001000000000000000000000,0.0022939537499999663,1293.165652736096
000000000000010100000000000000000000100000000000000001000000,0.04071775402839961,2452.514935277944
000000000000000000010100000000010010000010000000110000000100,0.08771943369706858,2489.2308989834573
100000000001000000000000000000010000000010000001000000001000,0.13351569598001412,2864.8123438408084
000000000000000010001000000000010100000000000001000000000000,0.061633874878451844,2570.9974099781266
100000010000010001000000000000000000000000000100000000000000,0.07312453820029963,2109.589837187386
100100001101100000100000000000000000000000010000000000000000,0.07011676292039315,3145.5685062349444
000000000000010010001010000000000001100000011000100010001000,0.1154534658325238,5376.536841890741
000000000000000001100000000000000000000000000000000000100000,0.04627051856437703,2030.412714857755
000000000001100000100000000000000000000000110000000000000000,0.11176043991250006,1392.7681051486027
000000010000000000010000000000000000000001000001000000000000,0.06304502032002646,1816.8636730264448
000000000011100000100000000000001000000000010100010000000100,0.14701927709640195,3095.106444256062
000000101000000010000010000000000000010000000000000001000000,0.06247696246496637,3385.837183024022
000000000000000000000000000010000000001000000000000000010000,0.035465998750000005,1457.4616381405904
000000000000001000000000010000000000110000010001010100000000,0.05810048640514409,3384.1092588873717
000000010000010100000000000000000000000000000100000000000000,0.0184404436604636,1791.2795776377418
100000000001000000000000000000000000100000000100000000000000,0.07687462249999999,1246.6002041312754
100000000001000000000001000000000000100000010000000000000000,0.08105747249999995,1202.6716544551896
000000000000000000000000000000000000000001010001000000000000,0.04687203288108455,1608.6626214378439
000000010010001000010000000010000000000001010001000000000000,0.07292374480608455,3302.2307275245453
000100000000000000000000000010001000001000000000000000010000,0.03816782145012043,3317.8066185211364
000000000000000000000100000000000000000001000000001100000010,0.07929287781324001,3485.278662307149
000000000000000000100000000000000000000000010000010000000100,0.06614211275791892,1330.671619367392
100000000000000000010000000000000000000001000001000000000000,0.07272403211777645,1908.7812733433839
000000000000000000000000000011000000000000000000110000000100,0.06403421066512838,2983.3601176313987
000001011110000000000100000001000000010000100001101100010000,0.16321081978971042,6676.706627180266
000010000011100000100000000000000000000000000000000000100000,0.102178099674332,2942.9309605724884
000000000001000000000000000000000000100000000100000001000000,0.08430775848078165,2103.5623024408665
000010000011100000100000000100000000000000000000000000100000,0.102178099674332,3803.6969672510695
000000001000000000000000010000000000000000000000000000010000,0.03695587535703593,1101.7126873224543
000000001000000000010000010010000000001000000000000000010000,0.04199778206076865,3139.480205690335
100000000001000000000000000000010000000010000000110000100100,0.13971722371683748,2864.0805480511694
010000000000000000001000000000000000000000000000000001000000,0.0660207005753638,1956.131685060722
000001010000001000010000000000001000000000000100010000000100,0.09900812457867025,3720.741545352994
000000000000000000100000000000001001000000000000100010000000,0.08353123295688158,2954.041582234596
000001011110010000000100000001000000010000100001101100010000,0.16049211181370904,6994.342079660903
100000000001000000000000000000010000000010010000000000000100,0.13015532401105934,1805.848341986227
000000100000000000000000000000010000000010000000110000100110,0.09816906357815769,2894.305306997031
000000000000000000000000000000000000100000000100000010001000,0.03256491512356596,2267.270763461594
000000000000000000010000000000000001011000000000000010000001,0.08940784025261272,2894.993097306341
000000000000000000100000000000100000000000000100000000000000,0.02234161241249999,1299.4961586975592
100110001000010000000000000000000000000000000110000000000000,0.035590160591684405,3516.6274988768087
100000010000010000000000001000000000000000000100000000000000,0.0641360863,1719.3152813646489
000001001110000000000100000001000000010000100000000001100000,0.09949974364003178,5583.4705419716365
000000000000000000001000000000000000000000000010000000000000,0.006083620130177714,880.5889792374583
100000000101000000000000000000010000000010000000110000100100,0.09559390486836827,3566.4298736565875
000000000001010000000000001000000000000000000000000000000000,0.08761660125000004,1312.6607401766419
000000000011100000100000000000011000000000000100010000000100,0.14701927709640195,3111.6381004981895
000000011100000000000000000000001000000000000000000001000000,0.06164295617274518,2728.5193025347953
000001011110010000000100000001000000010000010000000000000010,0.10733684322425585,4487.53713154388
000001010001010001000000000000000000000000000100000000000000,0.07718000639055789,3408.4835088865484
100000000011000000100000000000001000000000000100010000000100,0.13368724959640188,2984.4334825689325
100000000001000000000000000000000000000000000000000000100000,0.09790057133749996,939.9056243552263
000000100000000010000010000000000000010000010001010101000000,0.10868908810506561,3738.600767084542
100000000001000000000001000000000000000000000000000000000001,0.08105747249999995,1235.0148872393531
000001010001100000100000000000000000000000110000010000000000,0.13051905621726012,2917.0375495416592
000001011001000000000000000000010010000010000000110000100100,0.09467443857521518,4590.580464023498
000000000010000000000000010010000000000000000000000000000000,0.002566397549999988,1723.4010991230316
000000000000000000000000000010000000001000000000000010000000,0.024660263749999967,1835.5948738906832
000000100011100000100000000000011000000000000000000000100000,0.12374233678750002,2667.7521833830333
000001001110001000000000000000000000000000010000000000000000,0.030897110618857804,2914.6719919691495
000000000000000000100010000000000000000000010000010000000000,0.0508408426875,1031.8042886450194
100110000000000000001000001000000001000000000000000001101000,0.1225694218223955,5787.750114766674
100000010000010000000000000000000100000000000000000000000000,0.06337143504999998,1049.1984076147282
000000000000000000001000000000000000000000000010000000000000,0.006083620130177714,880.5889792374583
000010000011100000100000000100000000000000000000000000000000,0.09968200494933199,3428.5047009251134
000001011110000000000000010000010000000000000000000000000000,0.029693572544936542,2531.2965040709296
000000000000000000000000100000000000000010010000000000000100,0.06148800091807116,1370.1262178470715
000000000000000000000000001000000000000000010000000000000000,0.0022939537499999663,842.308637763033
000000100001000000000000000000010000000010000000110000100100,0.1509456085752776,2978.1463569155258
000000001000000000000000000000010000000010000000110000100100,0.07313486609618114,3006.103263435802
000000100001000100000000000000010000000010000000000000000000,0.11086305037058797,2339.645304598251
000000100011000000100000000000001000000000000100010000000100,0.1325440079802075,3178.165850116656
100000010001010000000000000000000100000000000000000000000000,0.12578396005000003,1308.2786195338738
000001000011100000100000000000000100000000000000000000000000,0.09437496879072171,2870.7146847212625
000001011111000000000100000001000100000000000000000000000000,0.07497198525673021,4421.662050538112
000000000000000000000000000000000000000000000000000000000000,0.0,0.0
000000000100000000100010000000000000000000010000010000000000,0.0950532666631777,1480.2126520106094
000000000000100000000000000000010000000010010000000000000100,0.0759500984180711,1537.883719483424
100000000000000000000000000000000000000000000000000000100000,0.03548804633750002,672.0929269286851
100000000001000000000000000000000000000000010000000100000000,0.08065023045039088,1485.713009558455
000000100001000000000000000000010000000000000000110000100100,0.13660790826850522,2380.080901993707
000000000100000000001000000000000000000000000000010000000100,0.06925856598908386,1852.1322457661317
000000100001000000000000000000010001000010000000110000100100,0.15512845857527768,3238.964647162028
000000000000000000000000100000000000000000010000000000000001,0.05757812812499996,794.2953734228747
100000100000000000000000010000000000000000000000000000000000,0.06023364883750004,860.1920862655959
000000000100000000100010000000000000000000011000010000000000,0.0950532666631777,2076.0295129209803
000000000000000000000001000000000000000000000000000000100000,0.07517001446250005,778.6524131629484
000000000001010000000000001000000000000000100101101100010000,0.11658368356016124,4817.321499988021
000000000000000000000000000000000100000000010000000000000000,0.0,612.0253138258817
100000000011000000000100000001000000010000100001101100011000,0.1917634200370908,5592.9380444650915
