config,science,cost
000000000000000000000000000000000000000000000000100000000000,0.0314321988375,431.63363893128997
000000000010000000000000000000000000000000000000100000000000,0.0314321988375,1061.5613485032095
000000000000000000000000000001000000000000000000100000000000,0.08901032696250001,802.7699032585551
000000000000000000000000000000000100000000000000100000000000,0.0314321988375,1225.657101349792
000000000000000000000000000100000000000000000000100000000000,0.0314321988375,871.6747776074733
000010000000000000000000000000000000000000000000100000000000,0.03256884258750001,685.2766069821934
000000000000000000000000000000000000000000001000100000000000,0.034024830000000006,1100.681308528448
000000000000000000000000000000000000000000001000100000000000,0.034024830000000006,1100.681308528448
000000000000000000000000000000010000000000000000100000000000,0.0314321988375,690.361395693307
000000000000000000000000000000000000000000000000100000001000,0.03543138750000001,1042.4627814326127
000000000000000000000000000000100000000000000000100000000000,0.0314321988375,682.4942213516233
000000000000000000000000000000000000000000000000100000100000,0.0602336488375,592.3408162745889
000000000000000000000000000000000100000000000000100000000000,0.0314321988375,1225.657101349792
000000000100000000000000000000000000000000000000100000000000,0.03346509767058793,1297.406035004916
000000000000000000000000000000000000000000000000100100000000,0.06428298736535941,1047.4021947284205
000000000000001000000000000000000000000000000000100000000000,0.0314321988375,1098.4267363789863
000000000000000000000000000010000000000000000000100000000000,0.0314321988375,642.9339748727582
000000000100000000000000000000000000000000000000100000000000,0.03346509767058793,1297.406035004916
000000000000000000010000000000000000000000000000100000000000,0.0314321988375,699.5364325560265
000000000000000100000000000000000000000000000000100000000000,0.0314321988375,879.3706971066101
000000000010000000000000000000000000000000000000100000000000,0.0314321988375,1061.5613485032095
000000000000000000100000000000000000000000000000100000000000,0.0314321988375,690.1963681608697
000000000000000000000010000000000000000000000000100000000000,0.0314321988375,1055.7364356518428
000000000000000000000000000000000100000000000000100000000000,0.0314321988375,1225.657101349792
000000000000000000000010000000000000000000000000100000000000,0.0314321988375,1055.7364356518428
000000000000000000000000010000000000000000000000100000000000,0.0314321988375,595.9218945818515
000000000000000000000000000000000000000000000000100100000000,0.06428298736535941,1047.4021947284205
000000010000000000000000000000000000000000000000100000000000,0.0561142975875,700.3886610685693
000000000000000000000000000010000000000000000000100000000000,0.0314321988375,642.9339748727582
000000000100000000000000000000000000000000000000100000000000,0.03346509767058793,1297.406035004916
000000000000000000000000000000000000001000000000100000000000,0.06944701913885316,1072.7135259543722
000000000000000000000000000000000010000000000000100000000000,0.046417626537500006,1029.62181505575
000000000000000000000000000000000000010000000000100000000000,0.0636201170125,595.9295212967081
000000000000000000000000000000000000000100000000100000000000,0.07793477205557113,871.695323412976
000000000000000000000000000000000000000000000000100100000000,0.06428298736535941,1047.4021947284205
000000000000001000000000000000000000000000000000100000000000,0.0314321988375,1098.4267363789863
000000000000000000000000000000000000000000000000100010000000,0.03200052071250001,608.8216651037712
001000000000000000000000000000000000000000000000100000000000,0.037515818967677764,1100.767724632562
000000000100000000000000000000000000000000000000100000000000,0.03346509767058793,1297.406035004916
000000000000001000000000000000000000000000000000100000000000,0.0314321988375,1098.4267363789863
000000000100000000000000000000000000000000000000100000000000,0.03346509767058793,1297.406035004916
000000000000000000000000000000000001000000000000100000000000,0.05976520140535611,1449.5887859222548
000000000000000001000000000000000000000000000000100000000000,0.08557626446250001,795.515639560989
000000000000000000000000000000000000001000000000100000000000,0.06944701913885316,1072.7135259543722
000100000000000000000000000000000000000000000000100000000000,0.07835451209412099,880.1022085325314
000000000000010000000000000000000000000000000000100000000000,0.0314321988375,598.669400764911
000000100000000000000000000000000000000000000000100000000000,0.04589429633750001,690.9136569898131
000000000000000000000000000000000000000000000000100100000000,0.06428298736535941,1047.4021947284205
000000000000000000000000000100000000000000000000100000000000,0.0314321988375,871.6747776074733
000000000000000000000010000000000000000000000000100000000000,0.0314321988375,1055.7364356518428
000000000000000000000000000000010000000000000000100000000000,0.0314321988375,690.361395693307
000000000000000000000000000000000010000000000000100000000000,0.046417626537500006,1029.62181505575
000000000000000000000000000000000000000000000000100000100000,0.0602336488375,592.3408162745889
000000001000000000000000000000000000000000000000100000000000,0.034024830000000006,1114.9261157624514
000000000000000000100000000000000000000000000000100000000000,0.0314321988375,690.1963681608697
000000100000000000000000000000000000000000000000100000000000,0.04589429633750001,690.9136569898131
000000000000010000000000000000000000000000000000100000000000,0.0314321988375,598.669400764911
000000000010000000000000000000000000000000000000100000000000,0.0314321988375,1061.5613485032095
000000000000000000000000000000000000000000000000100001000000,0.09384472383750002,708.6913272842086
000000000000000000000000000000000000000000000000100000010000,0.059096500087500003,608.5208736974487
000000000000000000000000000000000000000000000000100000010000,0.059096500087500003,608.5208736974487
000000000000000000000000000000000000000000000000110000000000,0.0438589819625,497.8778956107376
000000000000000000000001000000000000000000000000100000000000,0.05926540569117999,1433.8842524917095
000000000000000000000000000000000000000000010000100000000000,0.060110448937500005,690.3848060184132
000000000000000000000000000000100000000000000000100000000000,0.0314321988375,682.4942213516233
000000000000000000000000000000000000000000000000100100000000,0.06428298736535941,1047.4021947284205
000000000000000000000000000001000000000000000000100000000000,0.08901032696250001,802.7699032585551
000000000000010000000000000000000000000000000000100000000000,0.0314321988375,598.669400764911
000000000000000000000000000000000000000000000000000000000000,0.0,0.0
000000000000000000000000000000000000000000001000100000000000,0.034024830000000006,1100.681308528448
000100000000000000000000000000000000000000000000100000000000,0.07835451209412099,880.1022085325314
000000000000000000000000000000000000010000000000100000000000,0.0636201170125,595.9295212967081
000010000000000000000000000000000000000000000000100000000000,0.03256884258750001,685.2766069821934
000000000000001000000000000000000000000000000000100000000000,0.0314321988375,1098.4267363789863
000000000000000000000000000001000000000000000000100000000000,0.08901032696250001,802.7699032585551
000000010000000000000000000000000000000000000000100000000000,0.0561142975875,700.3886610685693
000100000000000000000000000000000000000000000000100000000000,0.07835451209412099,880.1022085325314
000000000000000000000000000001000000000000000000100000000000,0.08901032696250001,802.7699032585551
000000000000000000000000000000000000000000000000100000001000,0.03543138750000001,1042.4627814326127
000000000000000100000000000000000000000000000000100000000000,0.0314321988375,879.3706971066101
001000000000000000000000000000000000000000000000100000000000,0.037515818967677764,1100.767724632562
000000000000010000000000000000000000000000000000100000000000,0.0314321988375,598.669400764911
000000000001000000000000000000000000000000000000100000000000,0.0557599200919083,1440.8609068159476
000100000000000000000000000000000000000000000000100000000000,0.07835451209412099,880.1022085325314
000000000000000000000000000000000000000000000000100000000010,0.0314321988375,992.0355825192096
010000000000000000000000000000000000000000000000100000000000,0.0438589819625,598.9365807566595
000000000000000000001000000000000000000000000000100000000000,0.034024830000000006,1109.5766513286308
000000000100000000000000000000000000000000000000100000000000,0.03346509767058793,1297.406035004916
000001000000000000000000000000000000000000000000100000000000,0.08557626446250001,797.4917980556513
000001000000000000000000000000000000000000000000100000000000,0.08557626446250001,797.4917980556513
000000000000000000000000000000000001000000000000100000000000,0.05976520140535611,1449.5887859222548
000000000000000000000000000010000000000000000000100000000000,0.0314321988375,642.9339748727582
000000000000001000000000000000000000000000000000100000000000,0.0314321988375,1098.4267363789863
000000000000000000000000000000000000001000000000100000000000,0.06944701913885316,1072.7135259543722
000000000000000000000000000000000000000000000000110000000000,0.0438589819625,497.8778956107376
