config,science,cost
000000000000000000000000000000000000000000000000000000000010,0.0,630.0049883692784
000000010000000000000000000000000000000000000000000000000010,0.02944290135,898.7099994295002
000000000000000000000000100000000000000000000000000000000010,0.021025948837500003,1042.6212121038382
000000100000000000000000000000000000000000000000000000000010,0.0144620975,889.2290149804737
000000000000000000000000001000000000000000000000000000000010,0.0,1271.0991540670584
000000000000000000000000000000000000000100000000000000000010,0.04650257321807113,1069.998629641559
000000000000000000000000000000000000000000000010000000000000,0.014985427700000003,598.2172932223544
000000001000000000000000000000000000000000000010000000000000,0.017279381450000002,1281.587048850875
000000000000000000000000000000000010000000000000000000000000,0.014985427700000003,598.065454921819
000000000000000000000000000000000010000000000100000000000000,0.018761035650390827,1392.301468797942
000000000000000000000010000000000000000000000000000000000000,0.0,624.1800755179117
000000000000000000000010000000000000000010000000000000000000,0.019318107534375004,835.6487265284411
000000000010000000000000000000000000000000000000000000000000,0.0,630.0049883692784
000000000010000000010000000000000000000000000000000000000000,0.0,897.8562583602854
000000000000000000000000000000000000000000000010000000000000,0.014985427700000003,598.2172932223544
000000000000000000000000000000000000000000000010000000100000,0.0294475252,857.4413198335498
000000000000000000000000000000000000000000000010000000000100,0.01867137722512044,1464.0669680933395
000000000000000000000000000001000000000000000010000000000100,0.07624950535012044,1835.2805112179635
000000000000000000000000000000000000000000100010000000000100,0.03298914419711561,2242.638346206927
000000000000000000000000000000000000000000000010000001000100,0.029351046264915328,1948.7701081901173
000000000000000000000000001000000000000000000010000000000100,0.01867137722512044,2105.1611337911195
000000000000000100000000001000000000000000000010000000000100,0.01867137722512044,2552.8365520006723
000000000000000100000000001000001000000000000010000000000100,0.01996940923943585,3586.574133099366
000000000000000100000000001000000000000000000010010000000100,0.02167830552343343,2673.720545694344
000000000000000100010000001000000000000000000010010000000100,0.02167830552343343,2989.450399226448
000000000000000100000000000000000000000000000010010000000100,0.02167830552343343,2032.626379996564
000000000000000000000000000000000000000000000010010000000100,0.02167830552343343,1584.9509617870112
000000000000000000000000000000000000000000000000010000000100,0.00570875099843343,986.7336685646567
000000000000000000000000000100000000000000000000010000000100,0.00570875099843343,1426.706714031684
000000000000000000000000000001000000000000000000010000000100,0.06328687912343342,1357.9472116892807
000000000000000000000000000000000000000000000010010000000100,0.02167830552343343,1584.9509617870112
010000000000000000000000000000000000000000000010010000000100,0.03395653475133589,1752.2573880812674
001000000000000000000000000000000000000000000010010000000100,0.027033660311721074,2254.1623262856424
000000000000000000000000000000000000000000000010010000000110,0.030425659692665502,2507.894409604616
000000000000000000000000000000000000000000000010010010000100,0.022509873155999338,1905.1177779078857
000000000000000000000000000000000000000000000010000000000100,0.01867137722512044,1464.0669680933395
000000000000000000000000000000000000010000000010000000000100,0.047308745975120456,1537.6440443339752
000000000000000000000000000000000000000000000010000000000101,0.029377674534636737,2307.2437779386323
000000000000000000000000000000000000010000000010000000000100,0.047308745975120456,1537.6440443339752
000000000000000000000000000001000000000000000010000000000100,0.07624950535012044,1835.2805112179635
000000000000000000000000000001000000000000000000000000000100,0.061264077650120444,1237.0632179956092
000000000000000000000000000001000000000000000010000010000100,0.07717094486609932,2132.571938558467
000000000000000000000000000001000000000000100010000000000100,0.0905672723221156,2613.8518893315513
000000000000010000000000000001000000000000000010000000000100,0.07624950535012044,2002.3193587392025
000000000000000000000000000001000000000000000010000000000000,0.072563555825,969.4308363469786
000010000000000000000000000001000000000000000010000000000100,0.08036835160012044,2089.000758066226
000010000000000000000000000000000000000000000010000000000100,0.02279022347512044,1717.7872149416016
000010000000000000000000000001000000000000000010000000000100,0.08036835160012044,2089.000758066226
000010000000000000000000000000000000000000000010000000000100,0.02279022347512044,1717.7872149416016
000010000000000000000000000001000000000000000010000000000100,0.08036835160012044,2089.000758066226
000000000000000010000000000001000000000000000010000000000100,0.07624950535012044,2085.563789392876
000000000000000010000000000001000000000000000010000000010100,0.08226628782018056,2403.214248789188
100000000000000010000000000001000000000000000010000000000100,0.09727545418762044,2517.120149526807
000000000000000010000000000001000000000000000010100000000100,0.08267490366017843,2710.417751185657
000000000000000010000000000000000000000000000010100000000100,0.025096775535178424,2339.2042080610327
000000000000000000000000000001000000000000000010100000000100,0.08267490366017843,2460.1344730107444
000000000000000000000000000000000000000000000010100000000100,0.025096775535178424,2088.92092988612
000000000000000000000000000001000000000000000010100000000100,0.08267490366017843,2460.1344730107444
000000000000000000000000000001000000000000000010100010000100,0.08331071825024386,2801.4059946035163
000000000000000000000000010001000000000000000010100010000100,0.08331071825024386,2859.7131632660758
000000000000000000000000000001000000000000000010110010000100,0.08646510397636606,2926.6849108807173
000000000000000000000000000000000000000000000010110010000100,0.028886975851366063,2555.471367756093
000000000000000000000000000001000000000000000010110010000100,0.08646510397636606,2926.6849108807173
000000000000000000000000000000000000000000000010110010000100,0.028886975851366063,2555.471367756093
000000000000000000000000000001000000000000000010110010000100,0.08646510397636606,2926.6849108807173
000000000000000000000000000000000000000000000010110010000100,0.028886975851366063,2555.471367756093
000000000000000000000000000001000000000000000010010000000100,0.07925643364843343,1956.164504911635
000000000000000000000000000001000000000000000010110010000100,0.08646510397636606,2926.6849108807173
000000000000000000000000000000000000000000000010010000000100,0.02167830552343343,1584.9509617870112
000000000000000000000000000001000000000000000010010000000100,0.07925643364843343,1956.164504911635
000000000000000010000000000001000000000000000010010000000100,0.07925643364843343,2206.447783086548
000000000000000010000000000001000000000000000010000000000100,0.07624950535012044,2085.563789392876
000000000000000010000000000001000000000000010010000000000100,0.096625269843348,2880.201604449471
000000000000000010000000000001000000000000010010000000000000,0.09293932031822756,2014.3519295784859
000000000100000010000000000001000000000000010010000000000100,0.1000609239588156,3746.0512793204557
000000000000000010000000000001000000000000000010000000000100,0.07624950535012044,2085.563789392876
000000000000000010000000000001010000000000000010000000000100,0.07624950535012044,2235.4051469125675
000000000000000010000000000001010000000000000010010000000100,0.07925643364843343,2356.289140606239
000000000000000010000000000001000000000000000010000000000100,0.07624950535012044,2085.563789392876
000000000000000010000000000001000000000000000010000000010100,0.08226628782018056,2403.214248789188
000000000000000010000000000001000000000000000110000000010100,0.0736139390073558,3512.410039204665
000000000000000010000000000001000000000000000010000000010000,0.099978559475,1488.4191255821129
100000000000000010000000000001000000000000000010000000010000,0.12023985706250001,1919.9754857160437
100000000000000010000010000001000000000000000010000000010000,0.1256524857125,2415.1951205470755
100000000000000010000000000001000000001000000010000000010000,0.14092486391460204,2869.6174009380065
100000000000000010000000000001000000000000000010010000010000,0.13345216643750002,1993.6520303201823
100000000000000010000000000001000000000000000010000000011000,0.121280014475,2525.8715758125886
100000000000000010000000000001000000100000000010000000010000,0.12076769813750002,2221.197701605671
100000000000000010001000000001000000000000000010000000010000,0.121280014475,2532.255306160129
100000000000000010000000000001000000000000000000000000010000,0.10328617571250001,1321.7581924936894
100000000100000010000000000001000000000000000010000000010000,0.10635401081391206,2979.1227622458787
100000000000000010000000000001000000000000000010010000010000,0.13345216643750002,1993.6520303201823
100000000000000010000000000001000000000000100010010000010000,0.1455422325500827,2772.22340843377
100001000000000010000000000001000000000000000010010000010000,0.1360472539375,2241.411641146391
100000000000000010000000000001000100000000000010010000010000,0.08566736556148558,2896.1444520887217
