config,science,cost
000000000000000000000000000000000000000000010000000000000000,0.0,164.28522499456358
000000000000000000000000000000000000000000010000010000000000,0.02944290135,423.0394227376848
000000000000000000000000000000000000000000010000010001000000,0.03868554013990841,1463.9580145597213
000000000000000000000000000000000000000000010000010000000000,0.02944290135,423.0394227376848
000000000000000000000000000000000000000000010000010000100000,0.0526864014375,739.3279329105627
000000000000000000000000000000000000000000010000010000100000,0.0526864014375,739.3279329105627
000000000000000000000000000000000000000000010000010000000000,0.02944290135,423.0394227376848
000000000000000000000000000000000000000000010000010000001000,0.043955572875864456,1094.5907644788908
000000000000000000000000000000001000000000010000010000000000,0.02944290135,1090.218251061162
000000000000000000001000000000000000000000010000010000000000,0.035526521480177764,1092.5534340699842
000000001000000000000000000000000000000000010000010000000000,0.035526521480177764,1092.5534340699842
000000000000000000001000000000000000000000010000010000000000,0.035526521480177764,1092.5534340699842
000000000000000000000000000000001000000000010000010000000000,0.02944290135,1090.218251061162
000000000000000000000000000000000000000000011000010000000000,0.02944290135,1018.7994844516188
000000000000000000000000000000000000000000010000010000000000,0.02944290135,423.0394227376848
000000000000000000000000000000000000000000010000010000100000,0.0526864014375,739.3279329105627
000000000000000000000000000000000000000000110000010000000000,0.04970419893749999,730.575962846076
000000000000000000000000000000100000000000010000010000000000,0.04970419893749999,850.8608038277705
000000000000000000100000000000000000000000010000010000000000,0.04970419893749999,854.6730616689747
000000100000000000000000000000000000000000010000010000000000,0.060110448937500005,854.6730616689747
000000100000000000000000000000000000000000000000010000000000,0.060110448937500005,690.3848060184132
000000100000000000000000000000000000010000000000000000000000,0.0314321988375,690.361395693307
000000100000000000000000010000000000000000000000000000000000,0.0314321988375,699.5364325560265
000000100000010000000000000000000000000000000000000000000000,0.0561142975875,700.3886610685693
010000100000000000000000000000000000000000000000000000000000,0.059096500087500003,608.5208736974487
010001100000000000000000000000000000000000000000000000000000,0.050591743838506974,1974.4340040424822
010000100000000001000000000000000000000000000000000000000000,0.08342422134190829,1617.8254203794654
010000100000000000000000000001000000000000000000000000000000,0.08692970694117998,1610.848766055227
010000100000000000000000000000000000000001000000000000000000,0.0874295026553561,1626.5532994857726
010000100000000000000000000000000000000000000000000001000000,0.0874295026553561,1626.736183199318
010000100000000000000000000000000000000000000000000000000000,0.059096500087500003,608.5208736974487
010000100000000000000000000000000000000000000000000000000000,0.059096500087500003,608.5208736974487
010000100000010000000000000000000000000000000000000000000000,0.06309265143750001,877.2258847576707
010000100000000000000000010000000000000000000000000000000000,0.059096500087500003,876.3721436884557
010000100000000000000000000000000000010000000000000000000000,0.059096500087500003,867.191687927809
010000100000000000000000000000000000000000000000010000000000,0.06506090508750001,867.2151506703634
010000100000000000000000000000000000000000000000000000000000,0.059096500087500003,608.5208736974487
010000100000000000000000000000000000000000000000000100000000,0.06287210803789083,1402.756887573572
010000100000000000000000000000000000000100000000000000000000,0.059096500087500003,1402.6216149133097
010000100000000000000000000100000000000000000000000000000000,0.059096500087500003,1469.2868803760293
010000100000000100000000000000000000000000000000000000000000,0.06112939892058793,1474.3705485684336
010100100000000000000000000000000000000000000000000000000000,0.013951686272120156,1829.569599374639
010000100000000000000000000000000000000000000000000000000000,0.059096500087500003,608.5208736974487
010000100000000000000000000000000000000000000000000001000000,0.0874295026553561,1626.736183199318
010000100000000000000000000000000000000000000000000001000010,0.09213509733352365,1831.9792220392505
010000100000000000000000000000000000000000000010000001000000,0.0874295026553561,1838.1137979381451
010000100000000000000000000000000010000000000000000001000000,0.0874295026553561,1877.01946137423
010000100000000000000010000000000000000000000000000001000000,0.0885661464053561,1880.4564300475804
010000100010000000000000000000000000000000000000000001000000,0.0879978245303561,1823.5271965151055
010000100000000000000000000000000000000000000000000001000000,0.0874295026553561,1626.736183199318
010000100000000000000000000000000000000000000000000001000001,0.10120641572113646,2091.0973866534655
010000100000000000000000000000000000000000000001000001000000,0.13447903830746985,1997.9497263239418
010000100000000000000000000000000000000000000000000001000000,0.0874295026553561,1626.736183199318
010000100000000000000000000000000000000000000001000001000000,0.13447903830746985,1997.9497263239418
010000100000000000000000000000000000000000000001000001000000,0.13447903830746985,1997.9497263239418
010000100000000000000000000000000000000001000001000001000000,0.10999030785077415,3108.98700363725
010000100000000000000000000001000000000000000001000001000000,0.14423144795986367,2900.0208501848556
010000100000000001000000000000000000000000000001000001000000,0.14394047949435676,2906.997504509094
010001100000000000000000000000000000000000000001000001000000,0.11324169011128372,3263.6060881721105
010000100000000000000000000000000000000000000001000001000000,0.13447903830746985,1997.9497263239418
010000100000000000000000000000000001000000000000000001000000,0.13447903830746985,1990.695462626376
010000100000000000000001000000000000000000000000000001000000,0.13447903830746985,1992.6716211210382
010000100001000000000000000000000000000000000000000001000000,0.13825425569095165,1920.4805565007237
010000100000000000000000000000000000000000000000000001000000,0.0874295026553561,1626.736183199318
010000100000000000000000000000000000000000000000000000000000,0.059096500087500003,608.5208736974487
010000100000000000000000000000000000000000000000000000000001,0.11667462821249999,979.7869061646263
010000100000000000000000000000000000000000000001000000000000,0.11667462821249999,979.7344168220727
010000100000000000000000000000000001000000000000000000000000,0.11324056571249999,972.4801531245068
010000100000000000000001000000000000000000000000000000000000,0.11324056571249999,974.4563116191691
010000100001000000000000000000000000000000000000000000000000,0.12150902508749999,902.2652469988545
010000100101000000000000000000000000000000000000000000000000,0.06730192563983041,1876.8368339380727
010000100001000000000000000000000000000000000000000000000100,0.15360121945267954,1342.2588882711352
010000100001000000000000000000000000000000000100000000000000,0.12150902508749999,1342.238292465882
010000100001000000000000000000000100000000000000000000000000,0.12150902508749999,1349.9406652084076
010000100001000000000100000000000000000000000000000000000000,0.1551900208556083,1350.6736103644448
010000100001000000000100000000000000000000000000000001000000,0.16707557156609057,2368.8889198663137
010000100001000000000100000000000000000001000000000000000000,0.16707557156609057,2368.706036152769
010000100001000000000100000001000000000000000000000000000000,0.16813111637255224,2353.001502722223
010000100001000001000100000000000000000000000000000000000000,0.13932574655505126,2173.584096781609
010000100001000000000100000000000000000000000000000000000000,0.1551900208556083,1350.6736103644448
010000100001000000000100000000000000000000000000000100000000,0.16200114128130932,2144.909624240568
010000100001000000000100000000000000000100000000000000000000,0.1551900208556083,2144.774351580306
010000100001000000000100000100000000000000000000000000000000,0.1551900208556083,2211.4396170430255
010000100001000100000100000000000000000000000000000000000000,0.13177204867875214,2016.3568200500208
010100100001000000000100000000000000000000000000000000000000,0.0720995070485056,2769.664545185516
010000100001000000000100000000000000000000000000000000000000,0.1551900208556083,1350.6736103644448
010000100001000000000100000000000000000000000100000000000000,0.1551900208556083,1790.646655831472
010000100001000000000100000000000000000000000000000000000100,0.1613933753948476,1790.6672516367253
010000100001000000000000000000000000000000000000000000000100,0.15360121945267954,1342.2588882711352
010000100001000000000100000000000000000000000000000000000000,0.1551900208556083,1350.6736103644448
010000100001000000000100000000000000000000000000000000010000,0.1868095921056083,1514.9695957689391
010000100001000000000100000000000000000000010000000000010000,0.1868095921056083,1679.2579423372727
010000100001000000000100000000010000000000000000000000010000,0.1868095921056083,1682.008443290178
010000100001000000010100000000000000000000000000000000010000,0.19018465567765566,1634.232965069179
010000110001000000000100000000000000000000000000000000010000,0.1929708483556083,1582.156246113756
