config,science,cost
000010110110000000000000000100010000000000000000000000001000,0.09098507137206335,4160.684870590343
000000000000000100000000001000101000000000000100000000000000,0.016522923637908637,3656.6173161276906
000100000000000000010100000010000000010000100000000000000001,0.13287736910977765,3003.867568596631
100000000000001000000010000000000001000000000000000000010000,0.10201284007724998,1660.717004318233
100000000000000000000010000000000001010100100000000000001101,0.1209659429662926,3823.618878103787
000000010001000000010000000000000011010100100000000000001101,0.11877854443661118,4067.696586365578
000010000001000000100000000000000000100001000000100000010010,0.17471349333308472,3043.9517566718323
100000000001000011000000000010000000000000000000000000000000,0.09854607399944804,3148.5980914615475
000100000000000000010100000010000010000000000000000000000011,0.12958723203165268,2712.4794160540796
100000000000001000000011000000000001000000000000000000010000,0.10804199007725002,1937.7812189211652
000000001000000000000010000000000001010100100000000000001101,0.11906776719480883,4233.606215991223
000100000000000000011100000000000000010000100000000000000001,0.11240080409624054,2855.449377200761
100000000000001000000010000000000001000000000000001000010000,0.10513866257725002,2171.432668458948
000000000100000001000000000000000000100001000000100000010000,0.13073974513479347,2952.0672574755135
100000000000001000000010000000000101000000000000000000010000,0.0696468740612417,2212.3821904884458
010010000000000000000000000000000000010100000001001010010000,0.08266050063387431,5172.752009179436
000000100000010000100100000010000010001000000000100000000001,0.14639343070304633,3798.1182787288917
000000000100100000000100100000000000010000100000000000000011,0.15193944363894207,2507.085315806734
100000000000001000000011000000000000010000000000010000000100,0.1111928420089019,2402.7092862218833
000000000100000000010000000000000110100100000000000000010010,0.1034767710817851,2669.2556891291642
000010000001000000000000000000010000000000000000001000010010,0.11852730628437502,1930.3455594458364
100000000001100000100000000000000000100001000000100000010010,0.17673476718308467,2823.194074390056
010010000000000000010100000010000010000100000000000000000011,0.1536943810897229,4124.129136834651
000010100000010000100000000000000000000001000000000000000000,0.0919534950803561,2618.588882004982
001000000001000000110000011000000001010000000001001010010000,0.1423466449782056,6111.163655892197
000000000000000000000000000010000000000000000000100000000000,0.014462097500000048,874.9993847606833
100100000000100000000000010000111000000000000000000000000100,0.07742849533050356,3591.6508874263654
100000000001001000000010000000000101000000000000000000000000,0.08448807000000003,2316.050827586754
100000000000000000000010000100000001000000000000000000010000,0.055182805823864034,2017.4192302758631
010000000000000000000000000000010000000000000000001000010010,0.07850295320937506,1290.3197829696255
000000000000010000000000000000000000000000000000000000000011,0.10135885883437501,746.3720345037746
000000100000000000000000000000000000010000000000100000000000,0.045894296337499974,941.2417479502406
100000000000000000100000000000000000100001000000000000010010,0.1080683069450884,2245.6402815524493
010010000000000000000000000000000000001000000000000000000000,0.025618955016087908,2152.38423165388
000000000100100000000100100000111000000100000000000000000100,0.07461244289749613,4138.13748939331
100000000000000000000000100000000000000000000000000000000001,0.07204022562500001,888.9954315744544
000100000000010000000000000000000000000000000000000001000011,0.07914192342972282,2816.9524873014975
100000000001100000100000000000000000000000000000001000000000,0.11404473250000002,1788.6544137831042
010000000100000000100000000000000000100001000000000000010010,0.12886194259736383,2752.4600707874815
000010000100100000000100100000000000010000100000000000000001,0.1256278972157825,3347.234322022536
000100000000000000010100000010000010000000000100000000000011,0.12958723203165268,3152.4524615211067
100000000001100001100000000000000000000000000000001000000000,0.1115293010763635,3148.646832973232
000100000000000000010100001000000000100001000000100000010010,0.1555776918757269,3815.206307732983
000100000000000000000000000000010000100000010100000000000000,0.003685949525120469,1860.754125245063
000000000000000000000000000000010000100000000100000000010011,0.10639185078662505,1423.0029180356323
100000000100100000000100000000000000010000100000000000000011,0.14332224740840072,2547.776083371845
000000000000001000000011000000000001000000000000000000010001,0.09513236632724997,1914.5915150366632
000100000000010000010100000010000000010000100000000000000001,0.12821780291616047,3330.8882867869916
000000100000000000000000000000010000100000000100000000010000,0.06362011701250003,1482.6214198938437
001001000000000100000010000000000001000000000000001000110000,0.14110077296484524,4612.704571513066
000000000000000000000000010000000000000000000000000000000001,0.05757812812499996,639.1173024581846
000010001001000000100000000000000000100000000100000000010000,0.08628789034761097,3444.4697482330494
000000000000000000000001000010000000000000000000000000000000,0.05414406562499996,990.1155134396322
100000000000000000000000000000000000010000100000000000000011,0.11140015517187496,1311.7911031294752
100000000000001000000011000000010000010000000000010000000100,0.1111928420089019,2569.7481337431223
100000000000001000000010000000000001000000000000001100010000,0.08442190980309394,3314.926637848019
100000000100000000000010000000000001000000000000100000000001,0.11030937284442976,1848.925739752809
001000000001100000100000000000000001100001000000100000010001,0.16866957638620972,3746.6966415759684
000100000001100000100000000000000100100001000000100000010010,0.13712703718725527,4094.233658453373
000000100000010000100000000000000000100001000000100000011010,0.14040546517765273,3545.910954735637
000000000001000000000000010000000000000000000000000000000001,0.0645502,975.6775081163618
010000000100001000100000000000000000000000000000000000000001,0.12101768262909596,2179.7726297460176
010000000110001000100000000000000000000000000001001010010000,0.16379531988014528,4588.768578704958
100000000000001000000010000000000001000000000100001000010000,0.10513866257725002,2611.4057139259753
000100000000000000010100000000010000010000000000110000000100,0.07888024250332115,2866.596623178294
000000000010000000100000000000000000000000000001001010010000,0.12825958715915797,3296.3805240761785
010000000100000000000000000010000000000000000000000000000000,0.04923163686526666,1390.2238913641393
101000000000000000000000000000000000010000000000000000000011,0.10402531008437499,1599.3898397119433
000000000000000000100000000000000000000000000000001010010000,0.06894374143447257,2671.446734103292
000000100000000000000000000000010000100000000101000000010000,0.08275650359097753,1942.5333672793759
000100000000000000010100000010100010000000000000000000000011,0.15216565461915266,3085.9673179240926
100000000000001000000011000000010000010000000000000000000000,0.07254042312499998,1835.2356158412117
001010000001100000100000000000000001000000000000000000010000,0.14540103978062913,3882.339499893479
000000000000000000000001000001000000000000000000000000100011,0.11840733484898225,2142.299714943429
000000000100000001000000000000000000100001000010100000010000,0.1302114430331397,3154.0973659714487
100000000100100000000100000000000000010000100001000000000001,0.12938617536436536,2705.5671764333188
000010000001000000100000000000000000100001000000100100000001,0.11201255424894863,4104.393257319421
000000000000000000000000000000000001000000000000100000000000,0.06860616312500001,614.7785886698296
000000000000001000000000010000000000000000000000000000000011,0.07820606258437501,1428.88804906308
001000000001000000000000000000000000010000000000100000000000,0.07916857625000007,1469.4559146936963
000000100000000000000000000000100000000000000000100000000001,0.10450392803749997,1372.0518919705983
010000000100001000100000000000010000000000000000000000000001,0.12101768262909596,2346.8114772672566
100000000001100000100000000000000100000000000000001000000001,0.11822758249999998,2484.5121120530666
000000000000010000000000000000000000000000001000000000010000,0.057066321249999996,1074.4105057009729
100000000001100000100000000000000000000000000000101000010011,0.15352463083154821,3335.2289099988893
000010000001000100100000000000000000100001000000101000000000,0.11283137536628507,4508.449369352324
100000000100000000000010010000000001000000000000100000010000,0.15138551479667972,1845.4961418879993
000010100000000000000000000000100000000000000000100000010010,0.11105496619687505,1839.761358764665
001000010001100000100000000000000000100001000000100000010000,0.16501297821120975,3222.501062814026
100000000000000000000001000001000000001000000000000000100011,0.1346742410114823,3070.5093187728085
000010100000000000000000000110100010000000000000000000000011,0.11913488759687496,4313.535103469492
000000000000000000000000000000010000000000000000010000000011,0.09275432107337012,1331.8654511226507
000000000000010000000000000000000000000000000010000000000011,0.10135885883437501,957.7496492426018
000000000000000000000000000000010000010000000000100000000000,0.014462097500000048,676.6438708525716
000000000000000000000001000010000000000000000000000000000001,0.05915062812500005,1332.0063136432666
