config,science,cost
000000000000000000000000000000000000000000001000000000000001,0.04523632674334684,1678.4294950765338
000000000000000000000000000000000000100000000000000000000001,0.05581780620913722,1422.0215219232448
000000000000000000001000000000000000000000000000000000000001,0.04523632674334684,1687.3248378767164
000000000000000000000000000000000000000010000000000000000001,0.061276353702721845,1220.773197692546
000000000000000000000000000000000000000000000000000001000001,0.05606175873571281,1510.1965441331308
000000000000000000000000000000100000000000000000000000000001,0.04294237299334684,1260.1040381907949
000000000000000000000001000000000000000000000000000000000001,0.04966267374418941,2011.6324390397951
000000000000000000000000000000000001000000000000000000000001,0.04966267374418941,1927.0790559270558
000000100000000000000000000000000000000000000000000000000001,0.05740447049334684,1268.528573293212
000000000000000000000000000000000000000000000000000000000011,0.032206779745010135,1997.229366829637
000000000000000000000000000000000000000000000001000000000011,0.043958052487012976,2915.187907834642
000000000000000000000000000000000000000000000000000000000010,0.0,630.0049883692784
000000000000000000100000000000000000000000000000000000000011,0.032206779745010135,2255.7347393257187
000000000000000000000000000000000001000000000000000000000011,0.043958052487012976,2915.003876074676
000000000000000000000001000000000000000000000000000000000011,0.04529389691524634,2999.5572591874156
000000000000000000000000000000000000000000000000000000000010,0.0,630.0049883692784
000000000000000000000000000000000000000000000000000000000010,0.0,630.0049883692784
000000000000000000000000000000000000000000000000010000000011,0.03596120284263566,2120.417191802377
100000000000000000000000000000000000000000000000000000000011,0.047119841866227925,2428.7857269635683
000000000000000000000000000000000000000000010000000000000011,0.06361793474501014,2255.923643802552
000000000000000000000000001000000000000000000000000000000111,0.013567741855343617,2696.213657943443
000000000000000000000000000000000000000000000000000000000111,0.013567741855343617,2696.213657943443
000000000000000000000000010000000000000000000000000000000111,0.013567741855343617,2860.5020045117762
000000000000000000000000000000000000000000000000000001000111,0.018416155108726216,3223.2181871369635
000000000000000100000000000000000000000000000000000000000111,0.013567741855343617,3143.889076152996
000000000000000000000000000000010000000000000000000000000111,0.013567741855343617,2954.8844721738033
000000010000000000000000000000000000000000000000000000000111,0.04301064320534362,2964.918669003665
000000000000000000000000000000000000000100000000000000000111,0.05976313895000653,3136.2072992157237
000000000000000000000000000000000000000000000000000000000111,0.013567741855343617,2696.213657943443
000000000000000000000000000000000000000100000000000000000111,0.05976313895000653,3136.2072992157237
000000000000000000000000000000000000000000000000000001000111,0.018416155108726216,3223.2181871369635
000000000000001000000000000000000000000000000000000000000111,0.013567741855343617,3363.0840341884987
000000000000000000000000000000000000000000001000000000000111,0.015861695605343618,3365.3386063379603
000000000000000000000000000000000000000001000000000000000111,0.06583130964867166,3067.4796904106206
000000000000000000000000000000000100000000000000000000000111,0.013567741855343617,3490.3143991593042
000100000000000000000000000000000000000000000000000000000111,0.062015390768878485,3144.622021309033
000100000000000000000000000000000000000000000000000000000011,0.07002893019616474,2445.637730195227
000100000000000000000100000000000000000000000000000000000011,0.07002893019616474,3306.4037368738077
000100000000000000000100000000000000000000010000000000000011,0.0949684194744324,3565.098013846723
000100000000000000000100000000000000000000010000000000000011,0.0949684194744324,3565.098013846723
000100000000000000000100000000000000000000000000000000000011,0.07002893019616474,3306.4037368738077
000100000000000000000100000000000000000000000000000000000011,0.07002893019616474,3306.4037368738077
000100000000000000000100000000000000000100000000000000000011,0.07376979806601179,3746.397378146089
000100000000000000010100000000000000000000000000000000000011,0.07002893019616474,3616.50685842395
000100000000000000100100000000000000000000000000000000000011,0.07002893019616474,3596.7982302106066
000100000000000000000100000000000000000000000000100000000011,0.0754415075740993,3966.039986874216
000100000000000000000100000000000000010000000000100000000011,0.10665514073497917,4130.33597227871
000100000000000000000100000000000010000000000000100000000011,0.0978078175740993,4508.316946263367
000100000000000000000100000000000000000000000000000000000011,0.07002893019616474,3306.4037368738077
000100000000000000000100000000000000000000000000100000000011,0.0754415075740993,3966.039986874216
000100000000000000000100000000000000000000000010100000000011,0.0978078175740993,4508.469208028802
000100000000000000000100000000000000000000000000000000000011,0.07002893019616474,3306.4037368738077
000100000000000000000100000000000000000000000000100000000011,0.0754415075740993,3966.039986874216
000000000000000000000100000000000000000000000000110000000011,0.041709673959709474,3642.8268811772846
000100000000000000000100000000000000000000000000110000000011,0.07977956702446867,4091.2352445428746
000100000000000000000100000000000000000000000000110001000011,0.09147234141950594,4648.8019530641795
000100000000000000000100000000000000000000000001110000000011,0.08613613314632489,5009.193785547879
000100000000000000000100000000000000000000000000110000000001,0.0905481168313782,3087.418542183698
000100000000000000000100000000000000000000000000010000000011,0.07389246267395899,3429.591561846548
000100000000000000000100000000000000000000000000111000000011,0.07079353498363465,4603.080242408134
000100000000000000000100000000000010000000000000111000000011,0.09315984498363465,5145.357201797286
000100000000000000000100100000000000000000000000111000000011,0.08671241669731238,4978.171480848243
000100000001000000000100000000000000000000000000111000000011,0.049266069907953666,5425.990728825298
000100000000000000000100000000000000000000000000110000000011,0.07977956702446867,4091.2352445428746
000100001000000000000100000000000000000000000000110000000011,0.0733866240206072,5154.219314080784
000100000000000000000100000000000000100000000000110000000011,0.0917011349194734,4466.427510868831
000100000000000000000100001000000000100000000000110000000011,0.0917011349194734,5107.521676566611
000100000000000000000100000000000000100010000000110000000011,0.11101924245384841,4589.552357415903
000100000000001000000100000000000000100000000000110000000011,0.0917011349194734,4945.221788054978
000100000000000000000100001000000000000000000000110000000011,0.07977956702446867,4732.329410240654
000100000000000000000100001000000000100000000000110000000011,0.0917011349194734,5107.521676566611
000100000000000000000100001000000000100000000010110000000011,0.11308331809447342,5576.5079354128875
000100000000000000000100001000000000100000000000110000000010,0.09229326311912099,3385.821528835429
000100000000000000000100001000000000000000000000110000000011,0.07977956702446867,4732.329410240654
000100000000100000000100001000000000100000000000110000000011,0.09268526174447342,5722.945626993217
000100000000000000000100001000000000100000000000111000000011,0.08671241669731238,5619.36667443187
000100000000000010000100001000000000100000000000110000000011,0.0917011349194734,5396.142421404431
000000000000000000000100001000000000100000000000110000000011,0.05264711502971421,4659.113313201021
000100000000000000000110001000000000100000000000110000000011,0.09747739805666855,6070.588863150611
000100000000000000000100001000000000100000000000110000000111,0.08799329709281352,5848.071145835783
000100000000000000000100001000000000100000000000110001000011,0.10471992245524245,5665.088385087915
000100000000000000000100001000000000100000000000100000000011,0.08706093402416637,4982.326418897952
001100000000000000000100001000000000100000000000100000000011,0.07372919472716505,5459.414281682045
000100000000000000000100001000000000000000000000100000000011,0.0754415075740993,4607.134152571996
000100000000000000000100001000000000000000000000100000000011,0.0754415075740993,4607.134152571996
000100000000000000000100101000000000000000000000000000000011,0.07943845972890393,4510.815184728514
000100000000000000000100101000000000000000000000100000000011,0.08059776521154552,5102.014036438888
000100000000000000000100101010000000000000000000100000000011,0.07918879224976341,5308.6839395568995
000100000000000000000100101000000000000000000000000000000011,0.07943845972890393,4510.815184728514
000100000000000000000100101000000000000000000000100000000010,0.08065430249412099,3437.184002128053
000100000000000000000100101000000000000000000001100000000011,0.08586025117473481,6019.972577443893
000100000000000000000100101000000000000000000011100000000011,0.09273929294534039,6820.482960263938
000100000000100000000100101000000000000000000011100000000011,0.09273929294534039,7435.906910690543
000100000000000000000100101000000000000000000011100000000011,0.09273929294534039,6820.482960263938
100100000000000000000100101000000000000000000011100000000011,0.09199281871307716,7419.476791626768
