config,science,cost
100000000000000000000000000000000000000000000000000000000000,0.0144620975,259.2800180585232
000000000000100000000000000000000000000000000000000000000000,0.0144620975,259.2800180585232
100000000000000000000000000000000000000000000000000000000000,0.0144620975,259.2800180585232
000000000000000000000000100000000000000000000000000000000000,0.0,258.5627292295798
000000000000000000000000000000000000100000000000000000000000,0.0,250.8605824203334
000000000000000000000000000000000000000000000000100000000000,0.0144620975,250.88035225693346
000000000000000000000000000000000000000000000000000000000000,0.0,0.0
010000000000000000000000000000000000000000000000000000000000,0.02544675,268.75502213727935
000000000000010000000000000000000000000000000000000000000000,0.02544675,268.75502213727935
000000000000000000000000010000000000000000000000000000000000,0.0,267.90279362473655
000000000000100000000000000000000000000000000000000000000000,0.0144620975,259.2800180585232
000000000000000000000000000000000000010000000000000000000000,0.0,258.7277567620171
000000000000000000000000000000000000000000000000010000000000,0.02944290135,258.7511670871233
000000000000000000000000000000000000000000000000000000000000,0.0,0.0
001000000000000000000000000000000000000000000000000000000000,0.0022939537500000005,683.3697556285204
000000000000001000000000000000000000000000000000000000000000,0.0022939537500000005,683.3697556285204
000000000000000000000000001000000000000000000000000000000000,0.0022939537500000005,678.0202911946997
000000000000000000000000000000000000001000000000000000000000,0.0022939537500000005,668.9855772181842
000000000000000000000000000000000000000000000000001000000000,0.0022939537500000005,669.124948394517
000000000000000000000000000000000000000000000000000000000000,0.0,0.0
000100000000000000000000000000000000000000000000000000000000,0.0036859495251204424,865.8496748709849
000000000000000100000000000000000000000000000000000000000000,0.0020328988330879263,865.8496748709849
000000000000000000000000000100000000000000000000000000000000,0.0,860.7660066785807
000000000000000000000000000000000000000100000000000000000000,0.0,794.100741215861
000000000000000000000000000000000000000000000000000100000000,0.0037756079503908245,794.2360138761233
000000000000000000000000000000000000000000000000000000000000,0.0,0.0
000000000000000010000000000000000000000000000000000000000000,0.0,630.0049883692784
000000000000000000000000000010000000000000000000000000000000,0.0,624.1800755179117
000000000000000000000000000000000000000010000000000000000000,0.014985427700000003,598.065454921819
000000000000000000000000000000000000000000000000000010000000,0.014985427700000003,598.2172932223544
000000000000000000000000000000000000000000000000000000000000,0.0,0.0
000001000000000000000000000000000000000000000000000000000000,0.04294237299334684,1009.3045466820167
000000000000000001000000000000000000000000000000000000000000,0.030751654416775135,1009.3045466820167
000000000000000000000000000001000000000000000000000000000000,0.03425714001604683,1002.3278923577784
000000000000000000000000000000000000000001000000000000000000,0.034490330445186075,1018.0324257883237
000000000000000000000000000000000000000000000000000001000000,0.034490330445186075,1018.2153095018691
000000000000000000000000000000000000000000000000000000000000,0.0,0.0
000000100000000000000000000000000000000000000000000000000000,0.0314321988375,431.63363893128997
000000000000000000100000000000000000000000000000000000000000,0.021025948837500003,431.63363893128997
000000000000000000000000000000100000000000000000000000000000,0.021025948837500003,427.82138109008554
000000000000000000000000000000000000000000100000000000000000,0.021025948837500003,412.61622373455975
000000000000000000000000000000000000000000000000000000100000,0.021025948837500003,412.71697524122806
000000000000000000000000000000000000000000000000000000000000,0.0,0.0
000000010000000000000000000000000000000000000000000000000000,0.010874309375,167.30294182536957
000000000000000000010000000000000000000000000000000000000000,0.010874309375,167.30294182536957
000000000000000000000000000000010000000000000000000000000000,0.0,167.03576183362094
000000000000000000000000000000000000000000010000000000000000,0.0,164.28522499456358
000000000000000000000000000000000000000000000000000000010000,0.02997607945225,164.2924476480789
000000000000000000000000000000000000000000000000000000000000,0.0,0.0
000000001000000000000000000000000000000000000000000000000000,0.006083620130177763,669.211364498631
000000000000000000001000000000000000000000000000000000000000,0.006083620130177763,669.211364498631
000000000000000000000000000000001000000000000000000000000000,0.0,666.8703762450554
000000000000000000000000000000000000000000001000000000000000,0.0,641.09416569778
000000000000000000000000000000000000000000000000000000001000,0.03801482030135316,641.1571658204413
000000000000000000000000000000000000000000000000000000000000,0.0,0.0
000000000100000000000000000000000000000000000000000000000000,0.05068408969741005,448.4685696012415
000000000000000000000100000000000000000000000000000000000000,0.046922313256621,448.4685696012415
000000000000000000000000000000000100000000000000000000000000,0.0,447.73705817532016
000000000000000000000000000000000000000000000100000000000000,0.0,440.04113867618344
000000000000000000000000000000000000000000000000000000000100,0.04650257321807113,440.06168448168603
000000000000000000000000000000000000000000000000000000000000,0.0,0.0
000000000010000000000000000000000000000000000000000000000000,5.683218750000001E-4,253.72024684826238
000000000000000000000010000000000000000000000000000000000000,0.0011366437500000002,253.72024684826238
000000000000000000000000000000000010000000000000000000000000,0.0,250.28327817491257
000000000000000000000000000000000000000000000010000000000000,0.0,211.37761473882722
000000000000000000000000000000000000000000000000000000000010,0.018333980709375003,211.46865101052936
000000000000000000000000000000000000000000000000000000000000,0.0,0.0
000000000001000000000000000000000000000000000000000000000000,0.06140520000000001,365.9354379217204
000000000000000000000001000000000000000000000000000000000000,0.054144065624999994,365.9354379217204
000000000000000000000000000000000001000000000000000000000000,0.054144065624999994,363.9592794270581
000000000000000000000000000000000000000000000001000000000000,0.057578128125,371.2135431246241
000000000000000000000000000000000000000000000000000000000001,0.057578128125,371.2660324671776
000000000001000000000000000000000000000000000000000000000000,0.06140520000000001,365.9354379217204
000000000101000000000000000000000000000000000000000000000000,0.06354186207100136,920.4995077617968
000000000101000000000000000000000000000000000000000000000100,0.07374397684715855,1360.4931490340775
000000000001000000000000000000000000000000000000000000000100,0.09970047381105936,805.9290791940011
000000000001000000000000000000000000000000000000000000001100,0.09784062723593318,1249.5895682190685
000000000001000000000000000000000000000000000000000000011100,0.10361455753477716,1356.891911847313
000000000001000000000000000000000000000000000000000000010100,0.1123768401958746,917.5098991358516
000000000001000000000000000000000000000000000000000000110100,0.12160770652926145,1487.3419824045238
000000000001000000000000000000000000000000000000010000010100,0.10764750262506731,1209.021115384434
000000000001000000000000000000000000000000000000010000110100,0.11519872980127874,1770.0476087566622
000000000001000000000000000000000000000000000000010000010100,0.10764750262506731,1209.021115384434
000000000001000000000000000000000000000000000000000000110100,0.12160770652926145,1487.3419824045238
000000000001010000000000000000000000000000000000000000110100,0.1421293092292716,1756.0469934647456
000000000001010000000000000000000000000000000000000000110110,0.14352151545575192,1947.1367509966617
000000000001010000000000000000000000000000000000000100110110,0.10894952572000949,2544.275595355032
000000000001010000000000000000000000000000000000000000110100,0.1421293092292716,1756.0469934647456
000000000001010000000000000000001000000000000000000000110100,0.1421293092292716,2422.917369709801
000000000001010000000000000000000000000000000000000000110100,0.1421293092292716,1756.0469934647456
000000000001010000000000000000000100000000000000000000110100,0.1421293092292716,2203.722411674298
000000000001010000000000000000000000000000000000000000110100,0.1421293092292716,1756.0469934647456
100000000001010000000000000000000000000000000000000000110100,0.1544937842292716,1917.3002046570236
100000000001010000000000000000000000000000000000000000111100,0.145317730109199,2350.3324485861053
100000000001010000000000000000000000000000000000000000110100,0.1544937842292716,1917.3002046570236
