config,science,cost
000010000000000000000000010000000000000000000000010000000010,0.05072926253437504,1267.4655092991745
100110000001000010000010100001010001000000001000000001000000,0.08506355092621187,6942.761238181829
010000000011001000000000010000000000100000000000010000000010,0.11659423181403838,2873.1384165875897
000101000000000000000000000000000000010000000000000100000000,0.01871454543745954,2761.9333128227613
000001000100000000000001000010000010011000000000000001000000,0.11036643542616731,4190.36702309743
000000001000000100000010100000110000000100000000000001000000,0.060008611620508856,4302.606686416625
000001000100000000000001000010000100100000000000110100101000,0.10612872045117672,5622.545957228591
010000000000000000000001000000000000011000000010000000101001,0.12893290681090508,3989.035652917753
010000000011001000000000110000000000101001100001000000110000,0.15309823624357022,6076.217319404334
001010001001000110000010000000110000001010100000110000000001,0.1388995814154086,9542.190454162506
000100110000101100000010000000000101000010000001000000001010,0.13970763675617381,7479.047842007203
000000000000001000000100000000001000000000000000000000000000,0.040987539903427406,2178.262809148555
000000010001010000000000000000000111000010000010100000101000,0.1731136473321686,4123.664853186725
000000000000001000000000000000001100000000000000000000000000,0.0022939537499999663,1605.4521073355202
000100000001000000000000000000000000011000000010000000101001,0.081878467757312,4704.948018903574
010000000011001000000000110000000000100010000000000000000000,0.09881335147675385,3803.2102455391146
000000000000011000000000000000001100000000000000000000000000,0.026211401249999988,1796.6834528637667
010000000011001000010000110000000000011000000010000000101001,0.14547228398028755,5724.834762968536
000000000000000000000000000000000000000000110000000000000000,0.021025948837499975,471.88168587316125
000010000000000000000000000000000111000010010000100000000000,0.05662667987181069,2715.177970756994
010000000011001000001000010000000000000000000000000000000010,0.11975938031216149,3508.622156243803
010000000011001000000000010000000000000000010000100000000000,0.09335555875035961,2667.837329951027
010000000000000000000001000000000000011000000010010000101000,0.126614386990064,3852.159460599204
000100000000000000000000000000000000000000000000100000000000,0.018148047025120406,1116.6689841137566
000000000000001000000100000000001000000001000000000000000000,0.06598694080552059,3196.295234936879
000001000000000000000000000000000000000000010000000000000010,0.061276353702721886,1385.0615442608794
000000000000000000010000000000000000000000010000000000000010,0.029208290084374977,543.2535058666009
000000000000000000000000000000000000100000010000000000000000,0.0,309.5475674194709
010000000011001010000000000000000111000010010000100000000000,0.1223658265044415,5625.473096128865
000000010001010000000000000000100111000010000010110000101000,0.1613127696323784,4986.000225567163
000000000000000000010000000000000111010010000000100000000000,0.058141947442217345,3029.0042167694223
010000000011001000000000010000001000100000000000010000000000,0.08974961171903428,3476.331163433939
000000000000000001000000000000000000000000010000000000000000,0.030751654416775187,1173.59289325035
000000000000000000000000000000000000000100110000000000000000,0.003758194601179321,1470.1295751834864
000000000000000000000000000000000000000000000000000000000000,0.0,0.0
000000000000000001000000000000000000000000010001000000000000,0.07937076536520238,1438.8252584692004
010000000000000000000001000000000000011000000010000010101000,0.12711690814709398,4467.674810495628
000000000001010000000000000000000111000010001000100000000000,0.11261440152502122,3651.3144647715385
010000000011101000000000010000000000000000010000100000000000,0.10471270875035965,2847.519576360537
010000000011001000001000010000000000000000000000000001000000,0.11451509401111559,4315.368814735142
000000000000100000010000110000000000001001100000000000000000,0.07203238625344399,3387.819233812103
000000010001010001000000000000000000100000010000000000000000,0.10020967697646532,2076.848295640378
100010000000001000001000010000000000000000000000000000000010,0.04976315953744226,3669.162094435598
010000000011001000000000010000000000000000010000100000000010,0.12020017884536371,2777.980847162942
000000000001010000000000000000000000000000010000000000001010,0.12765053539409343,1628.5258353546276
000010000000100010000100000010100010000010000010110000000010,0.12640227819469552,5141.036179437109
000000010001010000000001001000000000000000000001000000000000,0.10567916129999999,1988.05010610764
001000010001010000000000000000000111000010000010110000000010,0.15621782661012817,4206.653094177365
000000000001000000000000000000000000000000000000000000000000,0.06140520000000005,365.9354379217204
000010100000000000000000010000000000101001100001000000110000,0.10132557919921092,4975.704981859312
000000000000000001000000000000000000010000000000000100000000,0.03452726236716597,2062.2113747885
000000000001010010000000000000000000000000000000010000000010,0.11466865244035773,2218.943343296305
000001001000000000000001000000000000011000000010010000101000,0.13826243153125073,5089.369334126926
000000000000000000000000000000000000000000000000000000000010,0.018333980709374975,211.46865101052938
000000000000000000000000000000000000000000000000000001000010,0.0385117775814281,1223.4583483418019
000000000001010010000000000000000000000000000000010000000011,0.11357900098533036,2960.615497988145
010000000011001000000000110000000000101001100001000000000000,0.10586726902695576,5604.220953725695
000001001000000000000001000001000000000000010001000000000000,0.09765765631024748,3274.4437739347723
000000000001010000000000000000000000000000010000000000000100,0.11894414436517953,1239.2384002855556
000001000000000000000001000000000111000010000010100000101000,0.1553923123467521,4799.8989565869915
010000000011001000001010010000000000000000000000000000000000,0.09839533648476484,3620.13992114473
010000000011001000001010010000000000000000000000010000000000,0.10654439980113106,3878.834198117645
000000000100000000000000000000000000011000000010000010111000,0.10677966656363125,4388.064789662895
000010000000000000000000010000000000000000100000010000000000,0.05167245258749997,1569.1667590677598
000000000000000000000000000000000111000010000010110000101000,0.09007824623513083,3719.53523621815
000000000000000000000000000000000000000000110000000010000010,0.05234728157187496,1198.080014690536
000000000000000000000000010000000000000000110000000010000010,0.05234728157187496,1465.931284681543
000000000001000000000000000000000001000000010000000000000000,0.0645502,894.1830639171118
010000000000000010000000000000000001000000000000000000000001,0.08859352947499999,1604.560079060193
000000000011100010100100000010100011000110000010110000000010,0.18488530416328608,8299.18958690066
000000000001010010000000000000100000000000000000010000000000,0.11561184249348277,2535.766390209667
000000010001010000000001001000000000000000010000000001000010,0.1345215656983756,3033.95861421722
000000010101010000000000000000000000000000010000000000001010,0.13110038870289054,2307.5168118248976
001000010001010000000000000000000110000010000110110000000010,0.14585436663320372,4510.910192674308
000000000000000001000000000000000000000000000000000100000000,0.03452726236716597,1803.54056055814
010000000000000010000000100000000001000000000000100000000000,0.09494411697500005,1673.6086429885568
000000010001010000000000000000000111000010000010010000001000,0.14659694757782737,3573.595644553018
000000000000000000000000000000000000000000000000001000000000,0.0022939537499999663,669.124948394517
001000000001001000000000010000000000000000010000100000000010,0.09829037945937502,2436.4379898631123
000000000011100110100100000010100010000010000000100000000000,0.15025611965220675,5594.279413594208
000000010000000000000001001000000000000000000001000000000000,0.07387136500000002,1553.1003422112317
000000010101010000000000000000000111000010000010000000000010,0.12346068675547628,3469.3874219017316
000000000001000000000000000000000111000010000010010000001001,0.11902975849888431,3649.7937019678548
000000000000000000000000000000000000000000011000000000001010,0.04079858539409342,1589.702247283056
000000010001010000000000000000100111000010000010100000101000,0.17340161846815483,4690.470969564871
000000000001000000000000000000000011000010000010100000101000,0.13668562648603033,3095.588513614671
000000000000000000000000000000000000000000000000001000010000,0.03616050695225004,742.3750337395252
000000010001010000000000010000000000000000000000010000000000,0.10469798937499997,1225.551428167392
000000010001010000000000000000100111000010000010100000101000,0.17340161846815483,4690.470969564871
000000000001000000000000000000100000000000000000000000000100,0.12072642264855937,1233.6671000733375
000000000001000000000000000000000000000000010100000000001010,0.10220378539409347,1747.069041119673
010000000000000010001000100000000001000000000010100000101000,0.15435742441202815,4118.020052031565
000000000000000000000000000000000001000010001010010000001000,0.10383254083819649,3024.356252954629
000000010001010000001000100000000001000000000010100000101100,0.14728863273329196,3858.511991358885
010000010000000000000001000000000000011000000010000000001010,0.13317421495064208,3259.0608705115365
