config,science,cost
000000000000000000000000000000000000000000000000100000000000,0.0314321988375,431.63363893128997
000000000000000000000000000000000000000000000000100000000001,0.0497659471816443,1655.2204485317989
000000000000000000000010000000000000000000000000100000000000,0.0314321988375,1055.7364356518428
000000000000000000000000000000000000000000000000100000000100,0.010111347835178423,1490.7036366637658
000000000000000000000000000000000000000000000000101000000000,0.029062344902175095,1286.4152796017934
000000000000000000000000000000000000000000000000000000000000,0.0,0.0
000000000000000000000000000000000000100000000000000000000000,0.021025948837500003,412.71697524122806
000000000000000000000000000000000000100000000000010000000000,0.0334527319625,580.1158506955315
000000000000000000000000000000000000100000000000000000000010,0.021025948837500003,1042.7219636105065
000000000000000000000000100000000000000000000000000000000000,0.021025948837500003,412.61622373455975
000000001000000000000000100000000000000000000000000000000000,0.023618580000000004,1095.98597936308
000100000000000000000000100000000000000000000000000000000000,0.067948262094121,861.1808950492991
001000000000000000000000100000000000000000000000000000000000,0.027109568967677765,1081.8275882331907
000000000000000000000000100000000000000000100000000000000000,0.0354880463375,663.592677704991
000000000000100000000000000000000000000000000000000000000000,0.021025948837500003,427.82138109008554
000000000000100000000000000000000000000000000000000000000010,0.021025948837500003,1057.7430092486147
000000000000100010000000000000000000000000000000000000000000,0.021025948837500003,599.9930009706084
100000000000000000000000000000000000000000000000000000000000,0.021025948837500003,431.63363893128997
100000000000000000000000000000000000000000000000000010000000,0.021025948837500003,431.63363893128997
000000000000000000000000000000000000000000000000000000000000,0.0,0.0
000000000000000000000000000000000000000000000000000000000001,0.04294237299334684,1009.3045466820167
000000000000000000000000000000100000000000000000000000000001,0.04294237299334684,1260.1040381907949
000000001000000000000000000000000000000000000000000000000001,0.04523632674334684,1692.674302310537
000000000000000000000000000001000000000000000000000000000001,0.08983490148243134,1380.5180898066408
000000000000000000000000000000000000000000000000000000010001,0.04429392589616854,1336.9998580776587
000000000000000000000000000000000000000000000000000000000000,0.0,0.0
000000000000000000000000000000000000000000000000000000000010,0.0,630.0049883692784
000000000000000000000010000000000000000000000000000000000010,0.014985427700000003,1254.1850638871902
000100000000000000000000000000000000000000000000000000000010,0.046922313256621,1078.4133517348685
000000000000000000000000000000000000000000000000000000000000,0.0,0.0
000000000000000001000000000000000000000000000000000000000100,0.0036859495251204424,865.8496748709849
000000000000000000000000000000000000000000000000000000000100,0.0036859495251204424,865.8496748709849
000000000000000000000000000000000000000000000000100000000100,0.010111347835178423,1490.7036366637658
000000000000000000000000000000000000000000000000000000000000,0.0,0.0
000000000000000000000000000000000000000000000000000000001000,0.0022939537500000005,683.3697556285204
000000000000000000000000000000000100000000000000000000001000,0.0022939537500000005,1477.4704968443814
000000000000000000000000000000000000000000000000000000000000,0.0,0.0
000000000000000000000000000000000000000000000000000000010000,0.02544675,268.75502213727935
000000000000000000000000000000000000000000000000000010010000,0.026015071875,445.5876150491364
000000000000000000000000000000000000000000000000000000000000,0.0,0.0
010000000000000000000000000000000000000000000000000001000000,0.06140520000000001,365.9354379217204
000000000000000000000000000000000000000000000000000001000000,0.06140520000000001,365.9354379217204
000000000000000000000000000000000000000000000000000000000000,0.0,0.0
000000000000000000000000000000000000000000000000000010000000,5.683218750000001E-4,253.72024684826238
000000000000000000000000000000000000000000000000000010000100,0.0036232622160993233,1163.1411022114885
000000000000000000000000000000000000000000000000000000000000,0.0,0.0
000001000000000000000000000000000000000000000000000000000000,0.08557626446250001,797.4917980556513
000001000000000000000000000000000000000000000000100000000000,0.08557626446250001,797.4917980556513
000001000000100000000000000000000000000000000000000000000000,0.0751700144625,793.6734588010568
000000000000000000000000000000000000000000000000000000000000,0.0,0.0
000001000000000000000000000000000000000000000000000000000000,0.054144065624999994,365.9354379217204
000001000000000000000000000000000000000100000000000000000000,0.09587340193605934,805.9290791940011
000001000000000000000001000000000000000000000000000000000000,0.0828762509644741,1368.2633302794989
000001000000000010000001000000000000000000000000000000000000,0.07929840780175476,1677.3400110004022
000001000000000000000001000000000000000000000000000000000100,0.08656220048959455,2234.113005150484
000001000000000010000001000000000000000000000000000000000000,0.07929840780175476,1677.3400110004022
000001000100000000000001000000000000000000000000000000000000,0.04555432451231516,2352.880707325541
000001000000000000000001000000000000000000100000000000000000,0.0973383484644741,1619.0826395222703
000101000000000000000001000000000000000000000000000000000000,0.0844629024247204,1922.8274001195755
000001000000000000000000000000000000000000000000000000000000,0.054144065624999994,365.9354379217204
000001000001000000000000000000000000000000000000000000000000,0.044954825685568384,1510.1965441331308
000001000001000000000000000000000000000000000000000000000100,0.048640775210688825,2376.0462190041158
001001000001000000000000000000000000000000000000000000000000,0.030819841847244525,1983.2365926166176
000001000001000000000000000000010000000000000000000000000000,0.044954825685568384,1768.867358363491
000001100001000000000000000000000000000000000000000000000000,0.04388180570126961,1803.2423374661107
000001000001000000000000000000000000001000000000000000000000,0.08296964598692155,2151.353709953572
000000000000000000000000000000000000000000000000000000000000,0.0,0.0
001000000000000000000000000000000000000000000000000000000000,0.006083620130177763,669.211364498631
001000000000000000000000000000000000000000000000000000001000,0.006083620130177763,669.211364498631
001000000000000000000000000000000000100000000000000000000000,0.027109568967677765,1081.928339739859
000000000000000000000000000000000000000000000000000000000000,0.0,0.0
000000000000000000000000000000000100000000000000000000000000,0.0,794.100741215861
000000000000000000000000000001000100000000000000000000000000,0.009793327248985554,1273.7059648931636
000000000000000001000000000001000100000000000000000000000000,0.059150628125,1584.432865555546
000000000000000000000000000001000100000000000000000000001000,0.012087280998985555,1957.0757205216842
000000000000000000000000000001000000000000000000000000000000,0.057578128125,371.2135431246241
000000000000000000000000000001000000000000000000000000000100,0.061264077650120444,1237.0632179956092
000000000000000000000000000001000000000000001000000000000000,0.059872081875,1040.3384915191411
000000000000000000000000100001000000000000000000000000000000,0.07910773946249999,673.089829488739
000000000000100000000000000001000000000000000000000000000000,0.07860407696249999,798.9515640039606
000000000000000000000000000000000000000000000000000000000000,0.0,0.0
000000000000000000000000010000000000100000000000000000000000,0.021025948837500003,577.1011645207234
000000000000000000000000010000000000100000000010000000000000,0.0360113765375,1100.530048409133
000000000000000000000000010000000000000000000000000000000000,0.0,164.28522499456358
000000000000000000000000010000000000000000000000000000000000,0.0,164.28522499456358
000000000000000000000000000000000000000000000000000000000000,0.0,0.0
000000000000000000000000000001000000000000000000000000000000,0.057578128125,371.2135431246241
000000000000000000000000000001000000000000000000000000000000,0.057578128125,371.2135431246241
000000000000000000000001000001000000000000000000000000000000,0.0828762509644741,1373.5414354824024
000000000000000000000000000001000000000000000000000000000000,0.057578128125,371.2135431246241
000000000000000000000000000001000000000000000000000000000000,0.057578128125,371.2135431246241
000000000000000001000000000001000000000000000000000000000000,0.059150628125,705.7974662276135
000000000000000000000000000001000000000000000000000000000000,0.057578128125,371.2135431246241
000000000000000001000000000001000000000000000000000000000000,0.059150628125,705.7974662276135
000000000000000000000000000001000000000000000000000000000000,0.057578128125,371.2135431246241
