config,science,cost
100000000000000000000000000000000000000000000000000000000000,0.021025948837500003,431.63363893128997
100000100000000000000000000000000000000000000000000000000000,0.049827398837499995,592.3408162745889
100000000000100000000000000000000000000000000000000000000000,0.022341612412500003,859.4550200213755
100000000000000000001000000000000000000000000000000000000000,0.023618580000000004,1109.5766513286308
100000000000000000000000000000000000000000000000000000000010,0.021025948837500003,1061.5613485032095
100000000000010000000000000000000000000000000000000000000000,0.021025948837500003,598.669400764911
100000000000010000000000000000000000000000000000000000000100,0.024711898362620447,1464.7608179427962
100000010000010000000000000000000000000000000000000000000000,0.048690250087500005,775.7426183544928
100000000000010000000000001000000000000000000000000000000000,0.021025948837500003,1240.0290019631864
100000000000010000000000001000000000000000000000010000000000,0.0334527319625,1407.331943788556
110000000000010000000000001000000000000000000000000000000000,0.0334527319625,1306.3877858429798
100000000000010000000000001000000000000100000000000000000000,0.06752852205557114,1680.0906864448725
100000000000010000000000001000000000000100000000000000001000,0.07012115321807114,2363.052770253751
100000000000000000000000001000000000000100000000000000000000,0.06752852205557114,1512.6441671039918
100000000000010000000000000000000000000100000000000000000000,0.06752852205557114,1038.7310852465969
100000000000010000000000001000100000000100000000000010000000,0.06809684393057114,2207.1533516322766
100000000000010000000000001000000000000100000000000010000000,0.06809684393057114,1933.4032614734929
100000000000010000000000001000000000000100000000100010000000,0.07981875750557113,2288.504679729002
100000000000010000000000101000000000000100000000000010000000,0.06941250750557114,2428.283145340386
100001000000010000000100001000000000000100000000000010000000,0.11797133514855937,3024.2397241872486
100001000000010000000000001000000000000100000000000010000000,0.11797133514855937,2210.5382286237705
100001000000010001000000001000000000000100000000000010000000,0.12006276014855938,2471.3565188702732
100011000000010000000000001000000000000100000000000010000000,0.13573699398293437,2407.1004517082933
100001000000010000100000001000000000000100000000000010000000,0.11797133514855937,2375.016566783249
100001000000010000100000001000010000000100000000000010000000,0.11797133514855937,2664.1039270193014
100001000000010000100000001000010000000000001000000010000100,0.08188957034109934,3802.656089504764
100001000000010000100000001000010000000100001000000010000100,0.11833231155887458,4606.541411816711
100001000010010000100000001000010000000100001000000010000100,0.11823898895074832,6199.670651609273
100001000010010000100001001000010000000100001000000010000100,0.12963322937065883,7294.711359149693
100001000010010000100001001000010000000100001000100010000100,0.1344312929472191,7963.545415194743
100001000010010000100001001000010000000000001000000010000100,0.09976630791321262,6490.826036837747
100001000010010000100001001000010000000100001000000010001100,0.13164529145305331,8521.468023767336
100001000010010000000001001000010000000100001000000010000100,0.13434491876101776,6990.288834793193
100001000010010000100000001000010000000100001000000010000100,0.11823898895074832,6199.670651609273
100001000010010000100001001000010000000100001001000010000100,0.1225114509237249,7999.266388618405
100001000010010000100001001000010000000100001000000000000100,0.1277345309115804,6997.4199318091905
100001000010000000100001001000010000000100001000000010000100,0.12988840716055944,7175.26708023965
100001000010010000100001001000010000000100001000000010000110,0.1448258257569962,8313.45613787826
100001000010010000100001101000010000000100001000000010000100,0.13279123569530607,7792.917089448031
100001000010010000100001001000010000001100001000000010000100,0.13410067119428698,7720.949268341825
100001000010010000100011001000010000000100001000000010000100,0.13645088214449866,8270.525076947228
100001000010010000100000001000010000000100001000000010000100,0.11823898895074832,6199.670651609273
100001000010010000100001001000010000000100000000000010000100,0.1339749088027031,6261.694729715511
100001000010110000100001001000010000000100001000000010000100,0.12930978108064467,7922.474998449086
100001000110010000100001001000010000000100001000000010000100,0.07808808885377604,8029.849963797071
100001000010010000100001001000010000000100001000010010000100,0.13425629829502783,7438.470741623738
100001000010010000100000001000010000000100001000000010000100,0.11823898895074832,6199.670651609273
110001000010010000100001001000010000000100001000000010000100,0.13890374368750902,7419.454287584942
100001000010010000100011001000010000000100001000000010000100,0.13645088214449866,8270.525076947228
100001000010010000100001001000010000000100101000000010000100,0.13438868515205887,7572.032654028602
100001000010010000100011001000010000000100001000000010000100,0.13645088214449866,8270.525076947228
100001000011010000100001001000010000000100001000000010000100,0.08299651336360483,8181.631935865684
100001000010010000100001000000010000000100001000000010000100,0.12963322937065883,6623.200647446221
100001000010010000100001001000010000000100001000000010000100,0.12963322937065883,7294.711359149693
100001001010010000100001001000010000000100001000000010000100,0.11358305243847876,8565.896000491985
100001000010010000100011001000010000000100001000000010000100,0.13645088214449866,8270.525076947228
101001000010010000100001001000010000000100001000000010000100,0.0945321910337455,7804.809382765849
100000000010010000100001001000010000000100001000000010000100,0.08360272135296312,5984.926374592132
100001000010010000100001001000010000000100011000000010000100,0.13392850409782736,7588.032184204772
100001000010010000100001001000010000000100001000001010000100,0.1301774602968111,7786.476152347208
100001000010010000100001001000010000000110001000000010000100,0.13631788490237673,7483.133729812995
100001000010010000000001001000010000000100001000000010000100,0.13434491876101776,6990.288834793193
100001000010010000100001001000010000000100001100000010000100,0.11563380559257047,7879.397481711532
100001000010010000100001001000010000000100001000000011000100,0.1329083559962585,7806.485904964669
100001000010010000100001001000010100000100001000000010000100,0.12963322937065883,7879.860312071281
100001000010011000100001001000010000000100001000000010000100,0.12527780378346992,7771.081035356956
000001000010010000100001001000010000000100001000000010000100,0.11469522411770725,5901.621579609355
100001000010011000100001001000010000000100001000000010000100,0.12527780378346992,7771.081035356956
100001000010010000101001001000010000000100001000000010000100,0.12744786829567076,8479.556868119129
100001000010110000100001001000010000000100001000000010000100,0.12930978108064467,7922.474998449086
100001000000010000100001001000010000000100001000000010000100,0.12966471768009408,5701.582119357131
100001000010010000100001001000010000010100001000000010000100,0.14464015450115028,7401.0124705503
100001000010000000100001001000010000000100001000000010000100,0.12988840716055944,7175.26708023965
100001000010010000100001000000010000000100001000000010000100,0.12963322937065883,6623.200647446221
100001000010010000100001001000010000000100001000000010000100,0.12963322937065883,7294.711359149693
100001000010010000100001001000010000000101001000000010000100,0.12829764878149644,7703.169179191789
100001000010010000100001000000010000000100001000000010000100,0.12963322937065883,6623.200647446221
100001000010010000100001001000010000000100001000000010000000,0.12467517602721939,6385.2905037864675
100001000110010000100001001000010000000100001000000010000100,0.07808808885377604,8029.849963797071
100001000010010000100001001000010010000100001000000010000100,0.14945406995834049,8086.045855658811
100001000010010000100001001001010000000100001000000010000100,0.13309204175404796,7703.846213071267
100001000010010000100001001000010000000110001000000010000100,0.13631788490237673,7483.133729812995
100001000010010000100001001000010000000100001000100010000100,0.1344312929472191,7963.545415194743
100001000010010000100001011000010000000100001000000010000100,0.12963322937065883,7402.0947530402245
101001000010010000100001001000010000000100001000000010000100,0.0945321910337455,7804.809382765849
100001000010010000100001001000010000000100001000000010100100,0.13265793000786025,7613.471337387793
100001000010010000100001001000000000000100001000000010000100,0.12963322937065883,7005.623998913642
100001000010010000100001001000010000000100001000001010000100,0.1301774602968111,7786.476152347208
100001000010010000100001001000010000000100001000000011000100,0.1329083559962585,7806.485904964669
100001000010010000100001001000110000000100001000000010000100,0.12963322937065883,7559.660829445236
100001000010010000100001001010010000000100001000000010000100,0.12963322937065883,7474.41756475466
100001000010010000101001001000010000000100001000000010000100,0.12744786829567076,8479.556868119129
100001000010010000100001001000010000000100001000000010001100,0.13164529145305331,8521.468023767336
100001000010010000100001001000010000100100001000000010000100,0.13215885782682504,7797.651662001108
100101000010010000100001001000010000000100001000000010000100,0.08512571638858689,7543.463424935942
