config,science,cost
000000000000000000000000000000000000000000100000000000000000,0.0144620975,250.88035225693346
000000000000000000000000000000000000100000100000000000000000,0.049827398837499995,566.4960377529628
000000000000000000000100000000000000000000100000000000000000,0.0144620975,1111.5853159213523
000000000000000000000000000000000000000000100000100000000000,0.04589429633750001,682.5139911882234
000000000000000000000000000000010000000000100000000000000000,0.0144620975,509.6081090189506
000000000100000000000000000000010000000000100000000000000000,0.016494996333087927,1375.6995261968357
000000000000000000100000000000010000000000100000000000000000,0.0144620975,768.1708382485303
000000000000000000000000000100010000000000100000000000000000,0.0144620975,985.2609033087859
000000000000000000000000000000010000000000000000000000000000,0.0,258.7277567620171
000000000000000000000000000000000000000000100000000000000000,0.0144620975,250.88035225693346
000000000000000000010000000000000000000000100000000000000000,0.0144620975,518.78314588167
000000000000010000010000000000000000000000100000000000000000,0.0144620975,592.1004440532381
000000000000010000010000000000000000000000100000000000000000,0.0144620975,592.1004440532381
000000000000000000000000000000000000000000100000000000000000,0.0144620975,250.88035225693346
000000000000000000000000000000000000000000100000000000010000,0.0368039,519.6353743942128
000000000000000000000010000000000000000000100000000000010000,0.040800051350000005,1143.7043958209051
000000000000000000000000000000000000010000100000000000010000,0.08211862125000001,578.4252569784131
000100000000000000000000000000000000000000100000000000010000,0.07725454753488865,968.1039439954543
000000000000000000000000000000000100000000100000000000010000,0.0368039,1313.9781134385128
000000000000000000000000000000000100000000110000000000010000,0.054125455,1474.3439441880914
000000000000000000000000000000000101000000100000000000010000,0.046210353757778024,2125.4554326115012
000000000000000000000000000000000000000000100000000000010000,0.0368039,519.6353743942128
000000000000000000000000000000000000000000100100000000010000,0.030868192396434863,1337.3958592332087
000000000000000000001000000000000000000000100100000000010000,0.031632843646434865,2015.4161504279086
000000000000000000000000000010000000000000100100000000010000,0.030868192396434863,1548.7734739720363
000000000000000000100000000000000000000000100100000000010000,0.030868192396434863,1595.9012317292904
000000000000000000000000000000000000000000100000000000010000,0.0368039,519.6353743942128
000000000000000000000100000000000000000000100000000000010000,0.0368039,1380.652583336464
000000000000000000000100000000000000000000101000000000010000,0.04892570125000001,1954.8091092555774
000000000000000000000100000000000000000000101000000000010000,0.04892570125000001,1954.8091092555774
000000000000000000000000000000000000000000100000000000010000,0.0368039,519.6353743942128
000000000100000000000000000000000000000000100000000000010000,0.03883679883308793,1385.726791572098
000000000100000000000000000000000010000000100000000000010000,0.05579048018308794,1983.4394500957974
000000000000000000000000000000000000000000100000000000010000,0.0368039,519.6353743942128
000000000000000000000000000000000000000000100000000000010100,0.02139998975671229,1434.3194435100681
000000000100000000000000000000000000000000100000000000010100,0.024599029721204882,2300.1691183810535
000000000000000000000000000100000000000000100000000000010100,0.02139998975671229,1874.2924889770957
000000000000000000000000000000000000000000100000000000010000,0.0368039,519.6353743942128
000000000000000000000000000000000000000000100000000000110000,0.048161050000000004,694.5439588975254
000000000000000000000000000000000000000000100000000000010000,0.0368039,519.6353743942128
000000000100000000000000000000000000000000100000000000010000,0.03883679883308793,1385.726791572098
000000000000000000000000000000000000000000100010000000010000,0.05429786403537261,1645.4936823961639
000000000000010000000000000000000000000000100000000000010000,0.0368039,686.6711362278338
000000000000000000000000000000000000000000100000000000010000,0.0368039,519.6353743942128
000000000000000000000000000000000000000000110000000000010000,0.054125455,680.2432029722304
000000000000000000010000000000000000000000110000000000010000,0.054125455,948.0944729632374
000000000000000000000000000000000000000000110000000000000000,0.05215720135,411.53819191200853
000000000000000000000000000000001000000000110000000000010000,0.05489010625,1349.2287801904145
000000000000000001000000000000001000000000110000000000010000,0.109034171875,1713.1880596174724
000000000000000000000000001000001000000000110000000000010000,0.05455813233810514,2355.0749497687043
000000000000000000000000000000000000000000110000000000010000,0.054125455,680.2432029722304
000000000000000000001000000000000000000000110000000000010000,0.05489010625,1358.26349416693
000000000000000000001000010000000000000000110000000000010000,0.05489010625,1522.5518407352633
000000000000000000001000000000001000000000110000000000010000,0.05567792875000001,1959.740853458918
000000000000000010001000000000000000000000110000000000010000,0.05489010625,1542.806301591228
000000000000000000000000000000000000000000110000000000010000,0.054125455,680.2432029722304
000000001000000000000000000000000000000000110000000000010000,0.05489010625,1363.6129586007507
000000001000000100000000000000000000000000110000000000010000,0.05489010625,1811.2883768103034
000000001000000000000000100000000000000000110000000000010000,0.07542691,1776.2291823353103
000000000000000000000000000000000000000000110000000000010000,0.054125455,680.2432029722304
000000000000000000000000000000000000000000110000000000011000,0.05489010625,1286.1392930687753
000000000000000001000000000000000000000000110000000000011000,0.109034171875,1650.0985724958337
000000000000000000000000000000000000000000010000000000011000,0.03217580625,1133.2953781296815
000000000000000000000000000000000000000000110000000000010000,0.054125455,680.2432029722304
000000000000000000000000000000000000000000110000000000010001,0.08825184413378558,1748.5380499896673
000000000000000000000000000000000000000000110000000000010100,0.05748586482347163,1595.0383261793054
000000000000000000000000000000000000000000010010000000010000,0.042790982295990376,1661.5601193391708
000000000000000000000000000000000000000000110010000000010000,0.05374306045802503,1941.1078885591855
000000000000000000000000000000100000000000110010000000010000,0.05374306045802503,2191.907380067964
000000000000000000000000000000001000000000110010000000010000,0.055289489447671814,2610.0934657773696
000001000000000000000000000000000000000000110010000000010000,0.10788712608302502,2307.043326480906
000000000000000000000000000000000000000000110010000000010001,0.0755793536445713,3009.4027355766225
000000000000000000000100000000000000000000110010000000010000,0.05374306045802503,2801.873895237766
000000000000000000000001000000000000000000110010000000010000,0.08800020047407184,2943.4357809169637
000000000000000000000000000000001000000000110010000000010000,0.055289489447671814,2610.0934657773696
000001000000000000000000000000000000000000110010000000010000,0.10788712608302502,2307.043326480906
000000000000000000000000000000000000000000010010000000010000,0.042790982295990376,1661.5601193391708
000000000000000000000000000000000000000000010010010000010000,0.05600329167099037,1735.2366639433094
000000000000000000000000000000010000000000010010000000010000,0.042790982295990376,1920.2309335695309
000000000100000000000000000000000000000000010010000000010000,0.0448238811290783,2527.4097942101557
000000000000000000000000000000000000010000010010000000010000,0.0672433430223542,1768.8179064470523
000000000000000000000000000000000010010000010010000000010000,0.07548921316344441,2366.883361368871
000000000000000000000000000000000000010001010010000000010000,0.09579547402106875,2242.612056608502
001000000000000000000000000000000000010000010010000000010000,0.07344783028910211,2438.0292709456835
000000000000000000000000000000000000010000010010000000010100,0.0642339627481179,2683.6130296541273
000000000000000000000000000000001000010000010010000000010000,0.06841317907530352,2437.8034836652364
000000000000000000000000000000000000010000010010000000011000,0.06841317907530352,2374.713996543597
000000000000000000000000000000000000010000110010000000010000,0.07194181793389925,2047.731019899989
000000000000000000000000000000000000010000110010000000010010,0.07270858992143324,3161.8818013822047
000000010000000000000000000000000000010000110010000000010000,0.07194181793389925,2316.4360309602107
000000000000000000000000000000000000010000110000000000010000,0.08510082375,748.4157351096056
000000000000000000000000000000000000010000111000000000010000,0.07140457747368126,2173.6285529080897
000000000000001000000000000000000000010000110000000000010000,0.08510082375,1415.286111354661
000000000000000000000000000000000000010000110000001000010000,0.09119906353498083,1466.2313124392792
000000000000000000000000000000000001010000110000000000010000,0.11959115419518607,1766.4481608979295
