config,science,cost
000000000000000000000000000000000000000000000000000000000010,0.0,630.0049883692784
000000000000000000000000000000000000000000000000000000100010,0.016445002672952846,1462.0485867121902
000000000000000000000100000000000000000000000000000000000010,0.0,1490.7709950478593
000000000000000000000000100000000000000000000000000000000010,0.021025948837500003,1042.6212121038382
000000000000000000000000000000000000000000000000000000000000,0.0,0.0
000000000000000000000100000000000000000000000000000000000010,0.0,1490.7709950478593
000000000000000000001000000000000000000000000000000000000010,0.0022939537500000005,1308.025279563978
000000000000000000001000000000000000000000000000000000000010,0.0022939537500000005,1308.025279563978
000000000000000000000000000000000000000000000000000000000011,0.032206779745010135,1997.229366829637
000000000000000000000000000000000000000000000000000000000011,0.032206779745010135,1997.229366829637
000000000000000000000000000000000000000000001000000000000010,0.0022939537500000005,1299.1299367637953
000000000000000000000000000000000000000000000000000000000000,0.0,0.0
000000000000000000000000000000000010000000000000000000000010,0.022366309999999997,1172.2819477584299
000000000000000000000000000000000000000000000000000010000010,5.683218750000001E-4,822.53577969
000001000000000000000000000000000000000000000000000000000010,0.054144065624999994,995.9404262909989
000000000000000000000000000000000000000000000001000000000010,0.034490330445186075,1648.2202978711475
000100000000000000000000000000000000000000000001000000000010,0.06978331204205734,2096.6286612367376
000000000000000000000000000000000100000000000001000000000010,0.034490330445186075,2442.3210390870086
000000000000000000000000000000000000001000000001000000000010,0.0359001263876529,2079.428750058953
000000000100000000000000000000000000000000000001000000000010,0.036523229278274,2514.0699727421324
000000000000000001000000000000000000000000000001000000000010,0.08153986609729984,2012.1795772982057
000000000000000000000000000000000000000000000001000001000010,0.0843077584807816,1926.946097038302
000000000000000000000000000000000010000000000001000000000010,0.056856640445186075,2190.497257260299
000000000000000000000000000000000010000000000001000000000010,0.056856640445186075,2190.497257260299
000000000000000000000000000000000000000000000001000000000010,0.034490330445186075,1648.2202978711475
000000000000000000010000000000000000000000000001000000000010,0.034490330445186075,1916.0715678621546
000000000000000000000000000000000000000000000001000100000010,0.06219231519900693,2413.1736700596366
010000000000000000000000000000000000000000000001000000000010,0.04736271549518607,1815.5267241654037
000100000000000000000000000000000000000000000001000000000010,0.06978331204205734,2096.6286612367376
000000000000000000100000000000000000000000000001000000000010,0.034490330445186075,1906.7256703672288
000000000000000000000100000000000000000000000001000000000010,0.034490330445186075,2508.9863045497286
000000000000000000000000000000000000000000000001000001000010,0.0843077584807816,1926.946097038302
000000001000000000000000000000000000000000000001000000000010,0.036784284195186076,2331.590053499668
000000000000000000000000000000000001000000000001000000000010,0.03922665077941574,2666.2527236594715
000010000000000000000000000000000001000000000001000000000010,0.042361370204415744,2919.972970507734
000000000000000001000000000000000001000000000001000000000010,0.08994576247772505,3030.2120030865294
000000000000000000000000000000000001000000000001000000000011,0.05305078056093476,3832.9624170796806
001000000000000000000000000000000001000000000001000000000010,0.045310270909593504,3335.4640881581026
000000000000000000000010000000000001000000000001000000000010,0.05421207847941575,3290.4327991773835
000000010000000000000000000000000001000000000001000000000010,0.06866955212941575,2934.9577347196932
000000000000000000000000000000000001000000001001000000000010,0.040159554238368166,3688.486754634082
000000000010000000000000000000000001000000000001000000000010,0.05421207847941575,3296.2577120287497
000000000000000100000000000000000001000000000001000000000010,0.03922665077941574,3113.9281418690243
000000000000000010000000000000000001000000000001000000000010,0.03922665077941574,2916.536001834384
000000000000000000001000000000000001000000000001000000000010,0.04152060452941574,3344.2730148541714
000000000000000000001000000000000001000000000001001000000010,0.045576351282867585,4347.754491856858
000000000000000000011000000000000001000000000001000000000010,0.04152060452941574,3533.8730670048335
000000000000000000001000000000010001000000000001000000000010,0.04152060452941574,3625.6576630464806
000000100000000000001000000000000001000000000001000000000010,0.05598270202941574,3603.4970414653667
000000000000000000001000000000000001000000000001000000001010,0.04677679684171114,4953.059491705647
000000000000000000001000000000000001000000000101000000000010,0.04426650122060907,3932.361611990382
000000000000000000001000010000000001000000000101000000000010,0.043769471088962696,4040.0537155231377
000000000000000000001000000000000001000001000101000000000010,0.049571957626571045,4394.458820399763
000000000000000000001000000000100001000000000101000000000010,0.03772872609070646,4198.006039837408
000000000000000000001000000000000001010000000101000000000010,0.052542320838849674,4038.9494630795443
000000000000000001001000000000000001000000000101000000000010,0.09548927541891837,4205.624389901744
000000000000100000001000000000000001000000000101000000000010,0.060840357093279104,4285.608443960828
001000000000000000001000000000000001000000000101000000000010,0.050350121350786835,4601.572976489013
000000001000000000001000000000000001000000000101000000000010,0.04662996872060907,4615.731367618902
000000000000000000011000000000000001000000000101000000000010,0.04426650122060907,4121.961664141044
000000000000000000001000000000000001000000000101100000000010,0.0698400495932791,4294.392206140314
000000000000000000001000000000000001000010000101000000000010,0.048980495505192484,4135.053807652028
000000000000000000001000000001000001000000000101000000000010,0.056487178827595214,4396.58000663999
000000100000000000001000000000000001000000000101000000000010,0.058728598720609065,4191.585638601577
000000000000000000001000000000000001000000000001000000000010,0.04152060452941574,3344.2730148541714
000000000000010000001000000000000001000000000101000000000010,0.04426650122060907,3997.704528700632
000001000000000000001000000000000001000000000101000000000010,0.09498561291891837,4298.297049912102
000000000000000000001000000001000001000000000101000000000010,0.056487178827595214,4396.58000663999
000000000000000000001000000000000001000000000101010000000010,0.05669328434560907,3998.7601070361507
000000000000000000001000000001000001000000000101000000000010,0.056487178827595214,4396.58000663999
000000000000000000001000000001000001000000000101000000000010,0.056487178827595214,4396.58000663999
000000000000000000001000000000000101000000000101000000000010,0.01573802792648853,4520.260298510566
000000000000010000001000000000000001000000000101000000000010,0.04426650122060907,3997.704528700632
000000000000000000001000000000000001000000100101000000000010,0.04864489725435883,4210.281606826629
000000000000000000001010000000000001000000000101000000000010,0.06195548289419929,5468.266444902328
000000000000000000001000000000000001000000100101000000000010,0.04864489725435883,4210.281606826629
000000000000000000001001000000000001000000000101000000000010,0.05016867737521513,5124.461153591017
000000000000000100001000000000000001000000000101000000000010,0.04288189602475438,4734.457518362346
000000000000000000001010000000000001000000000101000000000010,0.06195548289419929,5468.266444902328
000000000000000000001000000000010001000000000101000000000010,0.03621334774933829,4213.746260182692
000000000000000000001000000000010001000000000101000000010010,0.05953834901542625,5067.139926249109
000000000000000000101000000000010001000000000101000000000010,0.03621334774933829,4392.02410649436
000000000000000000001000000000010001000000000101000000000010,0.03621334774933829,4213.746260182692
000000000000000000001000000000010001000000000111000000000010,0.05611428552507218,5012.827346295599
000000000000000000001000000000010001000000000111000000000010,0.05611428552507218,5012.827346295599
000000000000000000001000000000010001000000000101000000000010,0.03621334774933829,4213.746260182692
000000000000000000101000000000010001000000000101000000000010,0.03621334774933829,4392.02410649436
000000000000000000101000000000010001000000000111000000000010,0.05611428552507218,5191.105192607269
000000000000000000101000000000010001000000000101000000000010,0.03621334774933829,4392.02410649436
000000000000000000101000000000010001000000000101000000000010,0.03621334774933829,4392.02410649436
000000000000000000101000000001010001000000000101000000000010,0.03621334774933829,4392.02410649436
000001000000000000101000000010010001000000000101000000000010,0.08466181352750059,4959.988518921365
000001000000000000101000000000010001000000000101000000000010,0.08733714305594172,4757.9595444160805
000001000000000000101000000100010001000000000101000000000010,0.07525085185578423,4999.061137578849
000001010000000000101000000000010001000000000101000000000010,0.11575440440594173,4929.914864463496
