config,science,cost
100000000000000000000000000000000000000000000000000000000000,0.0144620975,259.2800180585232
000000000000100000000000000000000000000000000000000000000000,0.0144620975,259.2800180585232
000000000000000000000000100000000000000000000000000000000000,0.0,258.5627292295798
000000000000000000000000000000000000100000000000000000000000,0.0,250.8605824203334
000000000000000000000000000000000000000000000000100000000000,0.0144620975,250.88035225693346
000000000000100000000000000000000000000000000000100000000000,0.0144620975,510.1603703154566
100000000000000000000000000000000000000000000000100000000000,0.0144620975,510.1603703154566
000000000000000000000000000000000000000000000000100000000000,0.0144620975,250.88035225693346
010000000000000000000000000000000000000000000000100000000000,0.0368039,519.6353743942128
000000000000010000000000000000000000000000000000100000000000,0.0368039,519.6353743942128
000000000000000000000000000000000000000000000000100000000000,0.0144620975,250.88035225693346
000000000000000000000000010000000000000000000000100000000000,0.0144620975,518.78314588167
000000000000000000000000000000000000010000000000100000000000,0.0144620975,509.6081090189506
010000000000000000000000000000000000000000000000100000000000,0.0368039,519.6353743942128
010000000000010000000000000000000000000000000000100000000000,0.040800051350000005,788.3903965314921
010000000000000000000000000000000000000000000000100000000000,0.0368039,519.6353743942128
010000000000001000000000000000000000000000000000100000000000,0.03756855125,1202.8940759315137
010000000000000000000000000000000000001000000000100000000000,0.03756855125,1188.5098975211774
010000000000000000000000001000000000000000000000100000000000,0.03756855125,1197.544611497693
011000000000000000000000000000000000000000000000100000000000,0.03756855125,1125.4204103995382
010000000000000000000000000000000000000000000000100000000000,0.0368039,519.6353743942128
010000000000000000000000000000000000000100000000100000000000,0.0368039,1313.9781134385128
010000000000000100000000000000000000000000000000100000000000,0.03883679883308793,1385.726791572098
010000000000000000000000000100000000000000000000100000000000,0.0368039,1380.652583336464
010100000000000000000000000000000000000000000000100000000000,0.02139998975671229,1434.3194435100681
010000000000000000000000000000000000000000000000100100000000,0.030868192396434863,1337.3958592332087
010000000000000000000000000000000000000000000000100000000000,0.0368039,519.6353743942128
010000000000000000000000000000000000000000000000100010000000,0.05429786403537261,1645.4936823961639
010000000000000000000000000000000000000010000000100000000000,0.05375758135,1117.5897752248122
010000000000000000000000000010000000000000000000100000000000,0.040800051350000005,1143.7043958209051
010000000000000010000000000000000000000000000000100000000000,0.040800051350000005,1149.5293086722718
010010000000000000000000000000000000000000000000100000000000,0.035515256118938056,1734.2179636784672
010000000000000000000000000000000000000010000000100000000000,0.05375758135,1117.5897752248122
010001000000000000000000000000000000000010000000100000000000,0.07385803774582181,2185.884622242249
010000000000000001000000000000000000000010000000100000000000,0.08450923576677513,2126.8943219068287
010000000000000000000000000001000000000010000000100000000000,0.08801472136604682,2119.9176675825906
010000000000000000000000000000000000000011000000100000000000,0.07260797522765548,2434.5850448574183
010000000000000001000000000001000000000010000000100000000000,0.09290379829637432,3129.2222142646074
010000000000000000000000000001000000000010000000100001000000,0.08788653504914026,3054.118994070209
010000000000000001000000000001000000000010000000100000000000,0.09290379829637432,3129.2222142646074
010000000000000001000000000001000000000010000000100000100000,0.12108051522150752,3444.8989427747983
010000000000000001000000000001000000000010100000100000000000,0.10674116272150751,3467.094278079344
010000000000000001000000000001100000000010000000100000000000,0.09646193874241507,3765.23111770231
010000000000000001100000000001000000000010000000100000000000,0.09657687269648954,3775.138116114389
010000100000000001000000000001000000000010000000100000000000,0.1201296152215075,3469.038076901834
010000000000000001000000000001000000000010100000100000010000,0.1490736814715075,3525.8524805197558
010000000000000001000000000001010000000010100000100000010000,0.1489848473786512,3645.6599570266144
010000000000000001010000000001000000000010100000100000010000,0.15289693772150753,3646.6330242825106
010000010000000001000000000001000000000010100000100000010000,0.15289693772150753,3599.529025123894
010000000000000001000000000001000000000010100000100000010000,0.1490736814715075,3525.8524805197558
010000000000000001000000000001010000000010100000100000010000,0.1489848473786512,3645.6599570266144
010000000000000001010000000001000000000010100000100000010000,0.15289693772150753,3646.6330242825106
010000010000000001000000000001000000000010100000100000010000,0.15289693772150753,3599.529025123894
010000010000000001000000000001000000000010100000100000011000,0.1525168200507438,4312.247413250515
010000010000000001000000000001000000000010101000100000010000,0.1367283539999628,4774.804881086792
010000010000000001000000000001001000000010100000100000010000,0.15009254924209015,4092.4134381529666
010000010000000001001000000001000000000010100000100000010000,0.15415955358342187,4096.139363029821
010000011000000001000000000001000000000010100000100000010000,0.14472141706019015,4367.408510087755
010000010000000001000000000001000000000010100000100000010000,0.15289693772150753,3599.529025123894
010000010000000001000000000001000000000010100000100000010100,0.14305820645182796,4117.900982312388
010000010000000001000000000001000000000010100100100000010000,0.13370956344387813,4580.635777170381
010000010000000001000000000001000100000010100000100000010000,0.1493914521222358,3860.2219044193844
010000010000000001000100000001000000000010100000100000010000,0.17174912535030712,3861.5433282246313
010000010100000001000100000001000000000010100000100000010000,0.16503755840480072,4413.8542234164615
010000010000000001000100000001000000000010100000100000010100,0.148415202912545,4379.915285413125
010000010000000001000100000001000000000010100000100000010010,0.18906915720968215,3971.9535719075675
010000010000000001000100000001000000000010100010100000010010,0.18906915720968215,4081.334909547826
010000010000000001000100000001000010000010100000100000010010,0.18427066610954476,4281.03025262847
010000010000000001000110000001000000000010100000100000010010,0.19664040461922772,4277.841162287055
010000010010000001000100000001000000000010100000100000010010,0.19711519998780713,4141.546308433255
010000010010000001000100000001000000000010100000100000010011,0.238792202056375,4978.3819108007765
010000010010000001000100000001000000000010100001100000010011,0.24247347822302567,6190.358769910057
010000010010000001000100000001000001000010100000100000010011,0.23516095896935862,5420.372903846808
010000010010000001000101000001000000000010100000100000010011,0.2401686626618278,5409.777216918472
010000010011000001000100000001000000000010100000100000010011,0.2460646694398363,5838.005257039492
010000010010000001000100000001000000000010100000100000010011,0.238792202056375,4978.3819108007765
010000010010000001000100000001000000000010100000000000010011,0.22179709097689165,4258.1110685642525
010000010010000001000100000001000000000010100000100000010001,0.22069776503939165,4297.347181327065
010000010010000001000100000001000000000010100000100000000011,0.2099031337721548,4869.9600864902
010000010010000001000100000001000000000010100000100000010010,0.19711519998780713,4141.546308433255
010000010010000001000100000001000000000010100000100000010011,0.238792202056375,4978.3819108007765
010000010010000001000100000001000000000010100001100000010011,0.24247347822302567,6190.358769910057
010000010010000001000100000001000000000010100000100000010011,0.238792202056375,4978.3819108007765
010000010011000001000100000001000000000010100000100000010011,0.2460646694398363,5838.005257039492
010000010010000001000100000001000000000010100000100000010011,0.238792202056375,4978.3819108007765
000000000000000000000100000000000000000010100000100000010011,0.2037460981299088,2641.1692398357864
000000000000000000000100000000000000000010100000000000000000,0.082933689794121,1384.3458821021457
000000000000000000000100000000000000000000000000000000000000,0.046922313256621,448.4685696012415
000000000000000000000000000000000000000000000000000000000000,0.0,0.0
