config,science,cost
000100101001000011000000000000000000000000100001100001000010,0.12425550382368067,6472.969506534795
000000000000000000000001000010010011100000000000000000000000,0.05915062812500005,2688.5718325242997
111000100000110100100000000000100100001000000100000000010011,0.17752606532129656,7817.470794629851
000000000000001000001000000000000000010100100000001000000001,0.07364623437361328,4261.546349616534
000000001000000100100000001000000000100001000111000000001000,0.0822503357204678,5654.197042145209
000000000001000000000000100010000000000000000100000000010011,0.11736221821132464,2762.11612698675
010000000000000000000000000000000000000000100001100010000010,0.14078906686999615,2511.1024111536312
000000001000000000000100000000000000000000000000000001000000,0.07586693217223517,2135.83503736609
010000000000000000000000000000000000000000000100000000011011,0.10086691814834015,2117.3573744201917
011000100000010100100000000000100100001000000100000000100100,0.11174170214322576,6390.772286537743
011001000000010000100000000001000000000000000000101010011000,0.13145690501817242,6838.638823503332
010000000000000000000000000000000010000000000000000000010000,0.057066321249999996,683.539848470579
000000100001100000001000010000000000000000001100000000000000,0.10892254420928849,2827.3642672273136
111000100000110100100000000000100100001000000000000000000000,0.07287095036339486,6290.396917846809
000010000000001101000000000000000000000000000001000000000000,0.06310817618725284,3784.2784007271284
100000000001100000001000010000000000000000001100010000000000,0.10924863342821478,2904.5558660300185
010000000000000000001000010000000000000000001000000000000000,0.03153037013017779,1846.8618112476397
000000000000000000000000000110000100100010000000000001000000,0.054700316236222846,4372.168732657259
000100100000010000000010000000100011010100000000000000000000,0.11066359414119109,3913.1155157517746
000100101000000000000100000000000000000000000000000101000000,0.07403535511588955,4034.9316764734103
000000100001000000000000000000000010000000000000000000010000,0.12603264201249997,1123.2705908636158
000000000000000000000100000000000010000000000000000010010000,0.090545109706621,1370.4860110034926
000010000000000000000000000000100100001000000100000000100011,0.10327726810342452,3907.5917035548355
010000000000000000000000000000000000000100100001100010000010,0.07515780471206879,3683.211208882715
000000001000000000000000000000000000000000100001100000000010,0.11999094361450025,1703.2640204420568
010000000010000000000000000000000000000100100000001000000001,0.09018029384910498,2753.856696809842
000100000000000000000000000000000000000000001001000000000000,0.03698326217167136,1968.9111064856857
000001000100100010000000000100001011000010000000000000000000,0.08235559505529955,5407.77041499333
000011010100000100101000000000000010100000000000000000010011,0.1432550501613138,5395.278082921563
010000000000000000000000000000000000000010100001100010000000,0.1328272964513496,3793.408060241999
010000000001000000100000000001000000000000000000101010010000,0.1775592201054721,4478.340408128119
000000001000001000000000000000000000000000100001100000010011,0.16574776351555687,3282.4943073495306
010000000000000000001000010000010000000000001000000000000000,0.03153037013017779,1920.1448553046098
010000000001000000010000100010000000000000000100000000010011,0.14880113570937503,3101.377873328422
010000000000000000000000000000000000000010100001100010100000,0.1429598950180131,4368.171148767783
000100000001000000000000000010000000000000000000101010010000,0.07865964971676265,4382.635094801187
010000100001000100000000000000100100001000000100000000010011,0.17919029377996298,4787.250951844769
010000000000000000000000000000000000000010100001000010000000,0.12088668290934401,3014.836682128411
000000000000000010000000000000000000000000000100000000000001,0.05757812812499996,1441.2440663034834
010000100000110100100000000000100100001000000000000000010000,0.10286181255491089,4607.023617612518
000000110001000000000000000010000000000000000000000000000000,0.10826958263749997,1399.6903100482118
000100100000010000000010000000100000000000000000000100000000,0.06192613174184103,3158.265286468362
000000001000000000001000010000000000100000001100000000000000,0.02224986552300856,2754.6031484745436
000000100001011001000001011100000000000000000111000000001001,0.1531378321707736,7995.254802228523
000000001000001000000100000000000000000000100001100000010011,0.19906985515980047,4110.51698462451
010000000000000000000000000000000000000000100001100000100010,0.14933228932187503,1621.3604093457698
000000000000000000000100000000000010000000000000000010000100,0.0600647305928389,2042.7088373693787
000000001000001000000100000000000000000000100001100000011011,0.17677476075311915,4532.1977501594365
000000001000001000000000000100000000000000100001001000000001,0.0921925407551778,3765.4639709637477
010000000010000000000000000000010011000001100000001000000000,0.11289048737342755,3312.4149833109773
010000000001000000100000000001000000000000001000101010010000,0.1775592201054721,5119.434573825899
010000000001000000010000100010000000000000000100000000110011,0.16906243329687498,3427.1985292253885
100000000000000000000100000000000010000000000000000010000100,0.07452682809283895,2301.932863980574
010000001000000000000000000000000000000000100001100010000010,0.13654689179971868,3228.9179884833047
000000001000001000000000000000000000000000100001000000011011,0.1414796351015266,3434.350267508833
010000000000000000000000000100000000000000000000000000000000,0.025446749999999962,1129.4710177388026
000000000000000010000000000000000000000000100001100011000010,0.13321587751721353,3576.851737341148
010000000000001000000000000000000000000000000100000000010011,0.13424674383437507,1928.6003276528859
000000000000000100000000000000100100000000000100000000010011,0.11972888462458364,2881.334492408403
000000000000000000000000000000000000100000100001100010000010,0.11629219533451418,2399.567869550984
000000000000000000000000000000000000000000000001010000010000,0.11799639822499997,688.7820089497111
000000001000001000000000000000000000000000100101100010000010,0.07802058711585458,4403.16269979192
111000100000110100000000000000100100001000010000000000000000,0.06984369032176607,5727.419278594838
010000000000001100000000000000000000000000000100000000110011,0.15715637392981807,3505.6675496005687
000000001000001000000000000000100100001000000110000000010011,0.12982396933262064,4656.285481652263
000000000000100000000100000000000000000000100100000000000001,0.10570550319179439,2131.360389780165
010000000000000000000000000000000000000010100100000000010011,0.1472836889817889,2722.301797340381
000000001000000000000100000000000010000000000000000000000000,0.05300593338679871,1367.9030060391337
010000000010000000000000000000000000000000000001010000010000,0.12053297375000005,1134.3696239988476
010000000000000000000000000000000000000000100001100001000010,0.1263330143907413,2427.2481087780548
010000000000000000000000010000000000000000100001100001000010,0.1263330143907413,2695.099378769062
100000000000000010000000000000000000000000100001100000000010,0.112887944496875,1923.2816709238996
000000000000000000000000000000000000000000100001000010000010,0.11042907219687503,1399.288158306114
010000000010000000000000000000000000000000000001010010010000,0.1267791046503035,2316.914053560591
010000000000000000000000000000000000000000000001010000110000,0.14320815196250003,1273.7690830171719
110000000010000000000000000000000000000000000001010000100010,0.1591746345912608,2162.2957303350786
010000001000001000000100000000000000000000100101100000011011,0.13629236139541212,5657.69115362206
000000001000000000000000000000000010000000000000000000010000,0.03695587535703593,1083.790628078038
010000000001000000010000100010000000100000000100000000110011,0.16906243329687498,3706.6370387756388
100000000000000010000000000001000000000000000000101010010000,0.1167823772793315,4299.459111653764
110000000010000000000000000000000000001000100001100000100010,0.15600079432060676,3042.145500810757
010000100001000100100000000000000000001000100001100000100010,0.17551569274163625,4230.452267733448
110000000010000000000000000000000000001000000100000000011011,0.12408634587960976,3983.9077435692075
010000000001000000010000100010000000000001000001010000100010,0.16513812412126216,4272.000466232423
010000000010000000000000000000000000000000000011010010010000,0.1267791046503035,2423.199038896115
000000110001000000000000000010000000100000000000000000000000,0.10826958263749997,1650.48980155699
010000100001000100000000000000100000010000100001100000000010,0.15991199935496292,3330.2199737568617
000000000001000001000000000010000000000000000000000000000010,0.10131128105030573,2210.8887111321783
110000000010000000000000000000000000000000000001010000010100,0.14048615596083613,2316.8103383178304
000000000000000000100000000000000000000000000000000000010000,0.05321386701249997,595.9295212967081
010000100001000100000000000000100100001000010100000000010011,0.17919029377996298,4893.5243148465315
010000000001000000110010000000000000000000010000000000000000,0.12212960138749995,1398.9464936762852
010000000000000000000000001000000000000000100001100000100010,0.150609256909375,2299.3807005404697
010000001001000000010000100010000000000001000001010000110000,0.13899093403276364,5162.012368749229
010000000000000000000000000000000000000000000001000000010000,0.11464444937500007,804.4429394027391
