config,science,cost
000000000000000000000000000000010000000000000000000000000000,0.0,258.7277567620171
000000000000000000000000000000010000000000000000000000000010,0.0,888.6758025996385
000000001000000000000000000000010000000000000000000000000000,0.0022939537500000005,942.0405698588804
000000000000000000000000000000010000100000000000000000000000,0.021025948837500003,671.5406656321791
000000000000000000000000000000010000000000000000010000000000,0.010874309375,426.0306985873867
000000000000000000000000000000000000000000000000000000000000,0.0,0.0
000000000000000000000000000000000000000000010000000000000000,0.02944290135,258.7511670871233
000100000000000000000000000000000000000000010000000000000000,0.06989354888488865,707.2197366883647
000000000000000000000000000000000000000000010000000000000001,0.07238527434334684,1267.9988236549316
000000000010000000000000000000000000000000010000000000000000,0.031411155,888.6992653421933
000000000000000000000000000000000000000000010000000000100000,0.040800051350000005,518.0311851456465
000000000000000000000000000000010000000000010000000000000000,0.02944290135,517.4789238491404
000000000000000000000000000000000000000000000000000000010000,0.02544675,268.75502213727935
000000000000000000000000000000000000000000000000000001010000,0.08785927500000001,537.8907579691365
000000000000000000000000000000000000000000000000000000000000,0.0,0.0
000000000000000000010000000000000000000000000000000000000000,0.0,267.90279362473655
000000000000000000010000000000000010000000000000000000000000,0.014985427700000003,865.9167249128259
000000010000000000000000000000000000000000000000000000000000,0.02544675,268.75502213727935
000000011000000000000000000000000000000000000000000000000000,0.026211401250000002,874.6011011567668
000000010000000000000000000000001000000000000000000000000000,0.026211401250000002,937.690588278406
000000000000000000000000000000000000000000000000000000000000,0.0,0.0
000000000000000000000000000000000000000000000000000000000001,0.04294237299334684,1633.4846221999287
000000000000000000000010000000000000000000000000000000000001,0.04294237299334684,1633.4846221999287
000000000000000000000000000000000000000000000000000000100001,0.04184470449267938,1316.4182404536473
000000000000000000000000000000000000000000000001000000000000,0.034490330445186075,1018.2153095018691
000000000000000000000000000000000000000000000001000000100000,0.048952427945186075,1277.4393361130644
000000000000000000000000000000000000000000000000000000000000,0.0,0.0
000000000000000000000000000000000101000000000000000000000000,0.00940645375777802,1605.9311123085076
000000000001000000000000000000000001000000000000000000000000,0.04063415162079634,1927.0790559270558
000000000000000000000000000000000000000000000000000000000000,0.0,0.0
000000000001000000000000000000000000000000010000000000000000,0.06019455576677514,1267.9988236549316
000000000001000000000000000000000000000000010001000000000000,0.050530554421986465,2210.147249571397
000000000001000000000000000010000000000000010000000000000000,0.06019455576677514,1479.3764383937587
000000000001000000000000000000000000100000010000000000000000,0.07701412269190828,1584.3441330242463
000000000001000000000000000000000000000000010010000000000000,0.06611284661000269,2402.159654960966
000000000000000000000000000000000000000000010000000000000000,0.02944290135,258.7511670871233
000000000000000000000001000000000000000000010000000000000000,0.06370004136604682,1261.022169330693
000010000000000000000000000000000000000000000000000000000000,0.0011366437500000002,253.72024684826238
000010000000000000000000000000000000000000010000000000000000,0.0305795451,512.4145238211771
000010000001000000000000000000000000000000010000000000000000,0.05728569037757393,1586.1957931201036
000011000001000000000000000000000000000000010000000000000000,0.07048969867057445,2089.3927272100354
000010000001000000000000000000000000000000010000000000000100,0.06186461333845436,2452.0454679910886
000010000001000000000000000000000000000000010000000001000000,0.10914521360460114,1952.1312310418239
000010000001000000000000001000000000000000010000000001000000,0.10914521360460114,2593.2253967396036
000010000001000000000000001000000000000000110000000001000000,0.13185951360460113,2746.069311678698
000010000001000000000000001000000000000000010000100001000000,0.13510992338110836,2935.981286102092
000010000001000000000000001100000000000000010000000001000000,0.10914521360460114,2835.694447023917
000010000001000001000000001100000000000000010000000001000000,0.11229021360460113,3199.6537264509752
000010000001000000000000101100000000000000010000000001000000,0.11058886249722702,3399.450839625164
001010000001000000000000101100000000000000010000000001000000,0.10490313378631982,3881.1869690481826
000010000001000000000000101100000000000000010000010001000000,0.12345462369722704,3463.816271846692
000010000001000000000000101100000000000000010000010001100000,0.14850692369722704,3625.4135919675427
000010000001000000000000101100000000000000000000010001100000,0.12118484302222703,3366.719314994628
000010001001000000000000101100000000000000000000010001100000,0.11928324494999014,4477.984660377797
000010001001000000000000101100000000000000010000010001100000,0.1459459606522401,4736.678937350711
000010001001000000000100101100000000000000010000010001100000,0.1459459606522401,5597.444944029292
000010001001000000000100101100000000000000000000010001100000,0.11928324494999014,5338.750667056377
000010000001000000000100101100000000000000010000010001100000,0.14850692369722704,4486.179598646124
000010000001000000000000101100000000000000010000010001100000,0.14850692369722704,3625.4135919675427
000010000001000000000000101100000000000000010100010001100000,0.1313868747650925,4451.01120105203
000010000001000000000000101100000000000000011100010001100000,0.13112212574125556,5473.847428115951
000010000001000000000000101100000000000000011100000001100000,0.10509962986039968,5409.137886965849
010010000001000000000000101100000000000000011100000001100000,0.10998659794932297,5532.951316367538
010010000001000000000000101100000000000000011100000001000000,0.09550829929846179,5371.69810517526
010010000001000000000000101100000000000000011100000001100000,0.10998659794932297,5532.951316367538
000010000001000000000000101100000000000000011100000001100000,0.10509962986039968,5409.137886965849
000010000001000000000000101100000000000000011100000001000000,0.09062133120953851,5247.884675773572
000010000001000000000000100100000000000000011100000001000000,0.09322707890055015,4813.054921076437
000010000001000000000000100100000000000000011100000001000000,0.09322707890055015,4813.054921076437
000010000001000000000000100100000000000000011100001001000000,0.07783734633209613,5599.849207807645
000010000001000000000000101100000000000000011100000001000000,0.09062133120953851,5247.884675773572
000010000001000000000000001100000000000000011100000001000000,0.08864374393628584,4684.128283172325
000010000001000000000000001100000000000000011100100001000000,0.11866433900973679,5026.884172534813
000010000001000000000000001100000000000000011100000001000000,0.08864374393628584,4684.128283172325
000010000001000000000000101100000000000000011100000001000000,0.09062133120953851,5247.884675773572
000010000001000000000000101000000000000000011100000001000000,0.0998510437216515,5004.976515044938
000010000001000000000000101100000000000000011100000001000000,0.09062133120953851,5247.884675773572
000010000001000000000000101000000000000000011100000001000000,0.0998510437216515,5004.976515044938
000010000001000000000000101100000000000000001100000001000000,0.08636845622387089,4974.340001471932
000010000001000000000000101000000000000000011100000101000000,0.10059074039033826,5559.540584885015
000010000001000000000000101100000000000000011100000000000000,0.03876180798251132,4881.949237851852
000010000001000000000000101100000000000000001100000001000000,0.08636845622387089,4974.340001471932
000010010001000000000000101100000000000000001100000001000000,0.09118365697043852,5305.321450376135
000010000001000000000000101100000000000000011100000001000000,0.09062133120953851,5247.884675773572
000011000001000000000000101100000000000000011100000000000000,0.05199187353887752,5385.146171941783
000011000000000000000000101100000000000000011100000000000000,0.07193240395939951,4104.293892145568
000011000000000000000000101100000000000000011100000000000001,0.10317282291249916,5113.598438827585
000011000000000000000000101101000000000000011100000000000001,0.10556122109144608,5524.30246717607
000001000000000000000000101100000000000000011100000000000001,0.09936359162460676,4929.687706308399
000001000000000000000000101100000000000000011100000010000001,0.09628973883244757,5247.884675773572
000001000000000000000000101100000000000000011100000010000000,0.07136408208439951,4174.103406474645
000001000001000000000000101100000000000000011100000010000000,0.05814638498429611,5318.364512686056
000001000001000000000000101100000000000000011100010010000000,0.07047373086515199,5384.731781112354
000001000001000000100000101100000000000000011100010010000000,0.07047373086515199,5643.237153608436
000001000001000000100000101110000000000000011100010010000000,0.07022563981750715,5834.176242702817
