config,science,cost
000001100001000000000100000001100000000100000000000000000101,0.1163057708412395,5887.917259205375
000010010000010010000000000000000000000000000100000000000000,0.049415287266355246,2619.77518331777
000000111000000000000000100000000000000000010000000000000000,0.03469835249170805,1831.0552072714627
100001100001000000100010010001000000000000100000001100010010,0.1428090774104288,6902.197527820831
000100110000000000000000000000000000000000011000000000010000,0.04481142546371231,2538.049726475025
100001100001000000100010010001000000000000100000001010100010,0.14460027853838708,7626.834492323916
000000000000000100000000000000000000001001000010001000000100,0.06123996751318139,4574.668924076594
000001000001000000000000000000000010010000000000101000001000,0.09411383723732891,3950.969508818481
000000100000000000000000000000000000000000000010000000000000,0.031432198837500036,642.9339748727582
100001110001000000000100000001100000000000000000000000000100,0.123320061316602,5105.5757321504225
000000000000000000000000100010000000000000001000001000000000,0.0022939537499999663,2758.967292234416
000100110000000001100000000010000001000010000000000000000000,0.11352326667608326,4710.659413428872
001000010000001000010010000010000000000000000000000000000000,0.028195678799999957,2314.6403493413272
000000100000000000000000000000000000100000000000001000000000,0.034024830000000006,1351.4808000372261
000100110001010000000000000000000000001000000100000000000000,0.05015870502579145,3865.686561459592
000100010000000000000000000000000010000000000000000000000101,0.06619977135450605,2151.515879541094
000001100011000000000000000000000010000000000000000000000000,0.056446316668040564,2771.994314033003
100001110001000000000100000001100000000000000010000000000100,0.123320061316602,5316.95334688925
000000010000000000000000000000000000001000000000000000000000,0.014720736874999973,836.2920035124404
000010010000010010000001000001100000001011000010001000000100,0.1502022647105299,8749.514049950874
000000100010000000100010010001000000000000000010000000000000,0.07320094790625642,2756.3328459122313
000000100001000000100001000010000000000000000000000000000001,0.09934323741250006,2383.4535302899635
000000100000000000000000010000000000000000000000000000000000,0.031432198837500036,699.5364325560265
001000010000000000000000000000000000000010000000000000000000,0.033028291399999965,1347.3659702160478
000000000000000000000000100000000100101001000000001000000000,0.029560186914394326,3720.385298949312
001000010000000000000000000000000000001000000000000000000000,0.018634381874999995,1350.7778745862172
010000000100010010000001000001100000001011000010001000000100,0.13707102688168782,8819.154382382054
001001010000000000000000000000000000000010000000000000000000,0.05897986799427046,2808.761190177622
000000000000000000000001000000000000010000000000000100100000,0.06220798171320929,1987.2424154086154
000000011000000000100001001010100010000001000000010001110000,0.1423042399423159,7710.026903070152
100001100001000000100010010001010000000000100000001100010010,0.14258852113179976,7021.799097435205
100000000000000000001000000000000001000011000100000010000000,0.10772092019877255,4039.642464783867
001000010000001000010000000010100000001001000010001000000101,0.1102550154086841,6782.499566424953
010000000000000000100000010100001000000000000000000010000010,0.07899763397187498,3094.2014499835154
000000010000001000010000000010000000000000000000000000000001,0.08106344249999997,1912.0530495735745
000000100001000000100001000010000000001000000000010000000100,0.14238845120558785,3445.060825206424
100001110001000000000000000000000100000000000010000000000000,0.06782040530400868,3237.889964665451
000000100010000000000000000000000000100000000000001000000000,0.034593151875000006,1528.7461050070665
100001100001000000100010010001110000000000100100000000000000,0.08464422183275666,6083.369563419881
100000000000000000001001000000010000010000000000000100100000,0.059922731081136105,3200.299576272258
000000010000000000000000000100000000000000000000000000000000,0.010874309375000002,1028.3201507676206
000000100010000000000000000000000000100000000000011000000000,0.061718928225000025,1693.6654046187384
100001100001000000100000010001010000000000100000001110000010,0.09494703886514244,7642.211676990146
000000100001000000100001000010000000000000001000000000000001,0.09934323741250006,3024.5476959877433
001000010000001000010000000000000000001000000000000000101001,0.09641094637587644,3785.7401826551963
000000100000100000000000000000000000000000000000000000000000,0.045894296337499974,690.9136569898131
000001000000000100100010010100000001000010010000100000000010,0.10794421750521022,5544.758027777369
100101110001000000000100000001100000000000000000000000000100,0.10432721291738256,5835.943981025519
001000010000001000010000000010000010000000000000000000000001,0.08263908750000004,2671.1580481293468
100000010000010000001000000000000001000010010000100000000010,0.14754676934836208,2715.6868319930495
001000010000000000000000000001000000000010000000000000000000,0.06728543141604681,2349.693862573826
000010010000010010010000000001000000000000100000001010100010,0.13112864728594897,6544.802229543077
100001100001000000000100000001100000000000000000000010000100,0.12469598031053253,5885.874594287205
000000100001000000100001000010000000000000001001000000000000,0.09934323741250006,3090.97583758549
000000100000100010000000000000000000000000000000000000000000,0.04796613502275693,1893.604946846121
000000000001010000000000100000000000001001000010001000000100,0.13189983591664145,4601.965070683633
000000100000000000000000010000000000000000000001000000000010,0.10734430767187497,1282.0898242600915
010000000000001000000000000000000000000000010000000000010010,0.076164953209375,1387.5461544290488
000000000000000000000000000000000000001000000000000000001011,0.06594462571400361,1969.8401566765597
010000000000000011000000000010000001000010000000000010100010,0.15178930239900168,4698.455827265145
000100110000000001000100000010000001000010000000000010100010,0.15130604379989465,5280.744763819577
000000000000100010000000000000100000000000100000010000000100,0.08488105445800576,2999.390363933547
011000010000001000010000000010000010000000000000000000000000,0.048636186299999995,2491.5826530737586
000000100001001000100001000010000001000010000000000010100010,0.14230462253437504,4434.784551584136
000000100001000000100001000010000000000000000000000000100001,0.10131149106250004,2648.809988480635
101000010000001000010000000010000010000000000000000000000001,0.10611803875000003,2851.191705873713
000000000000000000000000000000000000001000000000000000000010,0.020627934459375052,880.4542282287135
000010010000010010000000000000000000000000000000001000001000,0.07921032035948816,3854.9926766728004
000000100001010000100001000010000000000000000000000000000000,0.12920191866249997,2235.1366498009747
000000100000000000000000000000000000000010000000000000000000,0.046417626537500034,1029.62181505575
000000000000000000000000000000000000000000000100010000000000,0.02944290135000005,698.7923057633068
101000010000001000010000010000000000000010000000000000000000,0.06152726264999997,2544.5514132456497
001000000001001000100001000010000001000010000000010010100010,0.14229191744617287,5736.946408345213
000000100000000000000000010000000000000000000101000000000000,0.053630407268533964,1613.777964619034
001000010000001000010000000010000000000000000000100000000100,0.06934584542108946,2842.256094259421
000100110000000000000000010000000000000000000001000000010010,0.1217076611230874,2523.896387879431
101000010000001000110000000010000010000000000000000000000001,0.12884922249999997,3212.312654259488
100000000000000000001000100000000001000010010000100000000100,0.12471931336061748,2843.6169176578724
010000000000000000000000000000000000100000000000001001000000,0.05486348190841539,2559.95384304548
101000010000001000110000000010000010000000000000001000000000,0.07323934802499998,3442.6637653363273
100000010000010000001000000000000001000000100000011100010010,0.1536317691888095,4506.650988805571
000000100000000000100011000010000000000000000000000000100001,0.09701010226250006,2568.2372444148805
000000000000000011100001000001100000001001000010001000000100,0.09315459276855886,8439.96759447608
000000100001000000000000000000000010010000000000101000001000,0.13256492632083516,3149.4642919695584
100000000000000000001000000010000001000010000000000011100010,0.13548818607028856,4971.340974310975
101000010000001000100000000010000010000000000000000000000001,0.12442072067499999,3144.353972012097
000000100010100000000000000000000000000000000000000010100010,0.08677363975000008,1877.1296290081925
000000100000000000000000000000000000000000100000000000000000,0.03274786241250005,806.8212411837891
000000000001010000000000000000000000000000000000000010110010,0.16811545613158596,2625.3869925643216
000000010000000000000000000000000000000000000100000000000000,0.010874309375000002,607.344080501553
001000000001000000000000000001000010010000000000101000000000,0.11221866310240214,3288.197982105821
000100110000000000000000000000000000000100000000000000000000,0.012380566625881606,2407.7492748076875
000100100000000000000000000000000000000000000000000000000000,0.01011134783517842,1490.7036366637658
000000100000000000000010000000000000000000100000000010100010,0.09577607765000007,2069.451782715529
000000000001010000000000000010000000000000000000001000000000,0.09161275260000001,1927.945472894371
