config,science,cost
000000000000000000000000000000000000000000000000000000000010,0.0,630.0049883692784
000000000001000000000000000000000000000000000000000000000010,0.030751654416775135,1639.3095350512951
000000000000000000000000000000000010000000000000000000000010,0.022366309999999997,1172.2819477584299
000000000000000000000100000000000000000000000000000000000010,0.0,1490.7709950478593
000000000000000000000000000000000000000001000000000000000010,0.057578128125,1001.271020836456
000000000000000000010000000000000000000000000000000000000010,0.0,897.8562583602854
000000000000000000000000000000000000000000000000000010000010,5.683218750000001E-4,822.53577969
000000000000000000000000000010000000000000000000000010000010,5.683218750000001E-4,1033.9133944288271
000001000000000000000000000000000000000000000000000010000010,0.054712387499999994,1188.4712176117202
000000100000000000000000000000000000000000000000000010000010,0.015030419375,1081.759806301195
000000000000000000000000000000000000000000000000000000000010,0.0,630.0049883692784
000000000000000000000000000010000000000000000000000000000010,0.0,841.3826031081056
000000000000100000000000000010000000000000000000000000000010,0.021025948837500003,1269.120623987442
000000000000100000000000000010000000000000000000000000000011,0.047119841866227925,2636.3450024478007
000001000000100000000000000010000000000000000000000000000010,0.0751700144625,1635.0560619091625
000000000000100000000000000010000000000000000000000000000011,0.047119841866227925,2636.3450024478007
000000000000100000000000000110000000000000000000000000000010,0.021025948837500003,1677.4926093160607
000000000000100100000000000010000000000000000000000000000010,0.009610412913109097,1880.3418596813804
000000000000110000000000000010000000000000000000000000000010,0.021025948837500003,1334.9013642725881
000000000000110000000000000010000000001000000000000000000010,0.05904076913885316,1976.0585300930295
000000000000110100000000000010000000000000000000000000000010,0.00949958442811443,2001.4323568869095
000000000000110000000000000010000000000000000000000000001010,0.026441782039404376,2943.687841124064
000000000000010000000000000010000000000000000000000000000010,0.0,1008.4214506293445
000000000000010000000000000010000000000000000000000000100010,0.016445002672952846,1840.4650489722562
000000000000010000000000000010000000000000000000000000000110,0.0037761981426758747,2220.970901935055
000000000000010000000000000010000000000100000000000000000010,0.04650257321807113,1448.4150919016251
010000000000010000000000000010000000000000000000000000000010,0.01287238505,1175.7278769236007
000000000000110000000000000010000000000000000000000000000010,0.021025948837500003,1334.9013642725881
000000000000100000000000000010000000000000000000000000000010,0.021025948837500003,1269.120623987442
000000000000100000000000000010000000000000000000000100000010,0.059784370370813564,2034.073996175931
000000000000101000000000000010000000000000000000000000000010,0.015470420786956108,2116.9444240939183
000000000000100000000000000010000000000000000000000000010010,0.044767502530013006,2122.514290053859
000010000000100000000000000010000000000000000000000000010010,0.04790222195501301,2376.2345369021214
000000000000100000010000000010000000000000000000000000010010,0.044767502530013006,2292.969537496635
000000000000100000000000010010000000000000000000000000010010,0.044767502530013006,2182.2152662449753
000000000000100000000000000010000000000000000001000000010010,0.07310050509786911,3140.7295995557283
100000000000100000000000000010000000000000000000000000010010,0.04529534360501301,2554.0706501877903
000000000000100000000010000010000000000000000000000000010010,0.06020094282403028,2675.0595621889115
000000000000100000000000000010000000000000000000000000110000,0.0684223475875,1082.8402852729175
000000000000100000000000000010000000000000000000000000110010,0.05358751469862298,2417.663834033033
000000000000100000000000100010000000000000000000000000110010,0.05608360942362298,2704.3729072322913
000000000000100000000000001010000000000000000000000000110010,0.05358751469862298,3035.6170239241615
001000000000100000000000000010000000000000000000000000110010,0.059671134828800744,3086.875198531664
000000000000100000000000000010000000000001000000000000110010,0.11116564282362298,2788.9298665002107
000000000000100000000000000010000000000000000000010000110010,0.06135004082112891,2539.7555712023704
000000000000100000000000000010000000000000000000000000110000,0.0684223475875,1082.8402852729175
000000000000100000000000000010001000000000000000000000110010,0.05645733595163689,3001.684059339612
000000000000100000000000000010000000000000000000000010110010,0.04967072026851286,2749.552201768576
000000000000100010000000000010000000000000000000000000110010,0.05358751469862298,2589.918814124305
000100000000100000000000000010000000000000000000000000110010,0.09403816223351162,2866.072197398623
000000000000100000000000000010000000000000000000010000110010,0.06135004082112891,2539.7555712023704
000000000000100000000000000010000000000001000000000000110010,0.11116564282362298,2788.9298665002107
000000000000100000000000000010000000000001000000000000110000,0.1260004757125,1454.1063177400952
000000000000100000000000000010000000000001000000000000110010,0.11116564282362298,2788.9298665002107
000000000000100000000000000010000000000001000000000000100010,0.09513801314775691,2472.4302547975312
000000000000100000000000000010000000000001000000000000110010,0.11116564282362298,2788.9298665002107
000000000000100000000000000010000000000001000000000000010010,0.10234563065501301,2493.780322521037
000000000000100000000000000010000000000001000000000000010010,0.10234563065501301,2493.780322521037
100000000000100000000000000010000000000001000000000000010010,0.102873471730013,2925.3366826549677
000000000000100000000000000010000000000001000001000000010010,0.0868774181636495,3605.0908030098763
010000000000100000000000000010000000000001000000000000010010,0.115218015705013,2661.086748815293
000000000000000000000000000010000000000001000000000000010010,0.08173623424393806,2066.0423016417003
000000000000100000000000000010000000000001000000000000010011,0.10098430225611275,3337.537528167277
000000000000100000000000000010000000100001000000000000010010,0.105345387880013,2758.7140884139812
000000000000100000000000010010000000000001000000000000010010,0.10234563065501301,2553.481298712153
000000000000100001000000000010000000000001000000000000010010,0.10494071815501299,2738.432079267389
000000000000100000000000000010000000000001000000000000010010,0.10234563065501301,2493.780322521037
000000000000100000000000000010000000000001000100000000010010,0.05811434314407228,3396.4911643781315
000000000000100000100000000010000000000001000000000000010010,0.10234563065501301,2653.267618839138
000000000000100000000000000010000010000001000000000000010010,0.1251599532490303,2952.7573862635804
000000000000101000000000000010000000000001000000000000010010,0.09664404181975224,3341.6041226275133
000000000001100000000000000010000000000001000000000000010010,0.11771433473284856,3503.0848692030536
000000000000100000000000000010000000000001000000000001010010,0.10215772820450462,2950.6549958713167
000000000000100000000000000010000000000001000000001000010010,0.09474711105722022,2970.1220060944684
000000000000100000000000000010000000000000000000000000010000,0.0457080475875,907.8206466783855
000000000000100000000000000010000000000001000000000000010000,0.10328617571250001,1279.0866791455633
000000000000100000000000000010000000000001000000000000110000,0.1260004757125,1454.1063177400952
001000000000100000000000000010000000000001000000000000110000,0.13208409584267777,2123.3176822387263
100000000000100000000000000010000000000001000000000000110000,0.1265283167875,1885.662677874026
000000000000100000000000000010000000000101000000000000110000,0.12156172203519422,1997.3392180744422
000000000000100000000000000010000000100001000000000000110000,0.12801610611250003,1719.0400836330396
000000000000100000000000000010000000000001000000000010110000,0.12015976873516633,2112.892785815834
000000001000100000000000000010000000000001000000000000110000,0.12704063312500002,2137.4760733686153
000000000000100000000000000010000000000011000000000000110000,0.144334456421875,1560.5073087164706
000000000000100001000000000010000000000001000000000000110000,0.1285955632125,1698.7580744864467
000000000000100000000000000010000000000001000100000000110000,0.08176918820155929,2356.81715959719
000000000000100000000000000010000000000001000000000000010000,0.10328617571250001,1279.0866791455633
000000000000100000000000000010000000000001000000000100110000,0.11815333637911554,2074.0339144407203
000000000000100000000000000010000000000011000000000000110000,0.144334456421875,1560.5073087164706
000000000000100000001000000010000000000011000000000000110000,0.147568993834375,2164.0364110022792
000000000000100000000000000010000000000011000000000000111000,0.13501970268080568,2988.6014793654977
000000000000100000000000000000000000000011000000000000110000,0.144334456421875,1349.129693977643
000000000000100000000000000010100000000011000000000000110000,0.144334456421875,1709.9693132912043
000000000000100100000000000010000000000011000000000000110000,0.13333406960116867,2171.728544410408
000000000000100000000000000010000000000011100000000000110000,0.1433224879796795,2231.241818695982
