config,science,cost
100000000000000000000000000000000000000000000000000000000000,0.0144620975,259.2800180585232
100000000000010000000000001000000000000100000000000010000000,0.054522232600000005,2598.2673633043323
100000000000010000000000001000000000000000000000000010000000,0.054522232600000005,1804.1666220884713
100000000000010000000000000000000000000100000000000010000000,0.05375758135,1920.2470721096324
000000000000010000000000000000000000000100000000000010000000,0.042400431350000004,1661.023045498437
000000000000110000000000000000000000000100000000000010000000,0.06511473135000001,1836.0426840929695
000000000000110000000000000000000000000100000000000010100000,0.0853760289375,2174.0670927114147
000000000000110000000000000000001000000100000000000010100000,0.0853760289375,2840.93746895647
000000001000110000000000000000000000000100000000000010100000,0.09145964906767776,2843.278457210046
000000001000110000000000000000000000000100000000000010100010,0.10979905991450024,2952.8198021103435
000000001000110000000000000000000000000100000000000010100011,0.14123861475337068,4249.996355889332
000000001000110000000000000000000000000100000001000010100010,0.11959238716348582,3432.4250257876456
000000001000110000000000000000000000000100000000000010100011,0.14123861475337068,4249.996355889332
000000001000110000000000000000000000000100010000000010100011,0.14123861475337068,4369.256938823591
000000001000110000000000000000000000000100010000000000100011,0.15292524486450026,2829.140526822145
000000001000110000000000000000000000000100010000000000100011,0.15292524486450026,2829.140526822145
000000001000100000000000000000000000000100010000000000100011,0.11999094361450025,2644.639903778587
000000001000010000000000000000000000000100010000000000100011,0.13021094486450024,2654.1208882276132
000000000000110000000000000000000000000100010000000000100011,0.144838118921875,2159.929162323514
000000000000110000000000000000001000000100010000000000100011,0.144838118921875,2826.79953856857
000000000000110000000000000000000000000100010000000000101011,0.12001088104972824,3227.7380064628887
000000000000110000000000000000000000000100011000000000100011,0.144838118921875,2579.27402953812
000000000000110000000000000000000000000100010000000000100011,0.144838118921875,2159.929162323514
000000000000110000000000000000000000000100010000001000100011,0.14576016438120754,3821.4477286184574
000000000000110000000000000000000000001100010000000000100011,0.146350086821875,3185.9990515008567
000000000000110000000000001000000000000100010000000000100011,0.145878276334375,2837.949453518214
001000000000110000000000000000000000000100010000000000100011,0.14686240315937502,2843.2989179520346
000000000000111000000000000000000000000100010000000000100011,0.13552336518080568,3588.0233329725415
000000000000110000000000000000000000001100000000000000100011,0.146350086821875,3079.693025363239
000000000000110000000000000000000000000100010000000000100011,0.144838118921875,2159.929162323514
000000000000110000000000000000000000000100010000001000100010,0.08999086570937499,2470.97339896609
000000000000110000000000000000000000000100010000000000100011,0.144838118921875,2159.929162323514
000000000000101000000000000000000000000100010000000000100011,0.125065776334375,2579.2565147067908
000000000000110000000000000000000000000100010000000000100011,0.144838118921875,2159.929162323514
000000000000011000000000000000000000000100010000000000100011,0.12316397633437501,2590.805613825527
000000000000110000000000000000000000000100010000000000100011,0.144838118921875,2159.929162323514
000000000000110000000000000000000000000100010000000000100011,0.144838118921875,2159.929162323514
000000000000110000000000000000000000000100010010000000100011,0.144838118921875,2345.9478053636194
000000000000110000000000000000000010000100010000000000100011,0.144838118921875,2410.2124404984265
000000000000110000000010000000000000000100010000000000100011,0.16302733775915412,2818.7156303992533
000000000010110000000000000000000000000100010000000000100011,0.153868288525,2413.649409171777
000000000010100000000000000000000000010100010000000000100011,0.12093398727499999,2507.5614005637644
000000000010100000000000010000000000000100010000000000100011,0.12093398727499999,2497.000056119225
000000000010110000000000000000000000000100010000000000100011,0.153868288525,2413.649409171777
000000000010111000000000000000000000000100010000000000100011,0.14455353478393068,3841.7435798208035
001000000010110000000000000000000000000100010000000000100011,0.15589257276250001,3033.166875198999
000000000010110000000000000000000000001100010000000000100011,0.15538025642500003,3439.7192983491195
000000000010110000000000000000000000000100010000001000100011,0.15471937570195538,4075.1679754667193
000000000010110000000000000000000000000100010000000000100011,0.153868288525,2413.649409171777
000000000010110000000000000000000000000100010000000010100011,0.14175306459457207,3953.7658211732214
000000000010110000000000000000000000000110010000000000100011,0.16294934798875213,3314.158519002891
000000000010110000000000000010000000000100010000000000100011,0.15685049102499998,3037.829484689689
000000000010110010000000000000000000000100010000000000100011,0.139033455636123,3748.472957931892
000010000010110000000000000000000000000100010000000000100011,0.157864439875,2982.464942013514
000000000010110000000000000000000000000100010000000010100010,0.110742103575,2656.5892673942326
000000000010110000000000000000000000000100010000000010100001,0.13913604227053739,3759.4530987263734
000000000010110000000000000000000000000100010000000010000011,0.12791963864077083,3378.3633069395937
000000000010110000000000000000000000000110000000000000100011,0.16295413302023734,3207.215624965732
000000000010110000000000000000000000000010010000000000100011,0.16882389420000002,2171.915289100367
000000000100110000000000000000000000000010010000000000100011,0.19649404134854398,2366.6034056176945
000000000100110000000010000000000000000010010000000000100011,0.21369913336082308,3025.389873693434
000000000100010000000010000000000000000010010000000000100011,0.20322552943916897,2368.466371012077
000000000100100000000010000000000000000010010000000000100011,0.19750894026090135,2357.2485303474195
000000000100000000000010000000000000000010010000000000100011,0.18304684276090133,2176.599002811203
000000000100010000000010000000000000000010010000000000100011,0.20322552943916897,2368.466371012077
000000000100110000000000000000000000000010010000000000100011,0.19649404134854398,2366.6034056176945
000000000100110000000000000000000000000010010010000000100011,0.19649404134854398,2480.013494958167
000000000100110000000000000000000000000010010000000000100011,0.19649404134854398,2366.6034056176945
000000000100110000000000000000000000000010010000000000100011,0.19649404134854398,2366.6034056176945
000000000100110000000000000000000000000010010000000100100011,0.13062815349050988,3598.9570263369387
000000000100110000000000000000000000000110010000000000100011,0.1906194951372961,3508.846635520219
000000000100110000000000000000000000000100010000000000100011,0.18055430884854398,2608.337525689104
000000000100110000000000000000000000000110000000000000100011,0.1906242801687813,3401.903741483059
000000000100010100000000000000000000000010010000000000100011,0.16603215963662146,3106.3788902302376
000000000100100100000000000000000000000010010000000000100011,0.16277294672188572,3086.3080622279704
000100000000110000000000000000000000000010010000000000100011,0.16544792777199546,2784.04471712309
000000000100110000000000000000000000000010010000000000100011,0.19649404134854398,2366.6034056176945
000000000100110000000000000000000000000010010000000000100011,0.19649404134854398,2366.6034056176945
000000000100110000000000000000000000000010110000000000100011,0.197021882423544,2689.8988793671724
000000000100110000000000000000100000000010010000000000100011,0.197021882423544,2757.4083886449
000000000100110000100000000000000000000010010000000000100011,0.200004084923544,2670.404321840807
000000100100110000000000000000000000000010010000000000100011,0.1963761452182157,2928.664199128394
000000000000110000000000000000000000000010010000000000100011,0.160777851421875,1918.1950422521045
000000100000110000000000000000000000000010010000000000100011,0.171711942496875,2312.8183645339045
000000000100110000000000000000000000000010010000000000100011,0.19649404134854398,2366.6034056176945
100000000100110000000000000000000000000010010000000000100011,0.18985217295088128,2665.7995456788876
000000000100110000000000000000000000000010010000000000100011,0.19649404134854398,2366.6034056176945
000000000100110000000000100000000000000010010000000000100011,0.19649404134854398,2625.1087781137767
000000000100110000000000000000000000100010010000000000100011,0.19567136150090036,3178.578642531251
000000000100110000000000000000000000000010010000100000100011,0.19475945846866297,3283.232610244535
000000000100110000000000000000000000000010010000000000100011,0.19649404134854398,2366.6034056176945
000000000100110000000000000000000000000110010000000000100011,0.1906194951372961,3508.846635520219
000000000100110000000000000100000000000010010000000000100011,0.19649404134854398,3227.369412296276
000000000100110100000000000000000000000010010000000000100011,0.16956472157605995,3412.7835764354913
000000000100010100000000000000000000000010010000000000100011,0.16603215963662146,3106.3788902302376
