config,science,cost
000000000000000000000000000000000000000000000000000000000001,0.057578128125,371.2660324671776
000000000000000000000000000000000000000000000000000000000011,0.07591210883437499,477.6670234435528
000000000000000000000000000000000000000000000100000000000011,0.07591210883437499,917.6400689105801
000000000000000000000000000000000000000000000000000000000011,0.07591210883437499,477.6670234435528
000000000000000000000000000000000000000000000000000000000111,0.059621556455690686,1115.0938872519353
000000000000000000000000000000000000000000001000000000000111,0.059621556455690686,1756.1880529497153
000000000000000000000000000000000000000000001001000000000111,0.07207557248412504,2218.1553188666358
000000000000000000000000000000000000000000001011000000000111,0.06813448493708599,2415.529265166565
000000000000000000000000000000000000000000001011000000000111,0.06813448493708599,2415.529265166565
000000000000000000000000000000001000000000001011000000000111,0.06813448493708599,3082.3996414116205
000000000000000000000000000000001000000000011011000000000111,0.06778729228091986,3190.1945051302964
000000000000000000000000000000001000000000011011000000000111,0.06778729228091986,3190.1945051302964
000000000000000000000000000000001000000000011011000000010111,0.07831661132300406,3298.6106085481993
000000000000000000000000000000001000000000011011000010010111,0.07153022751635436,4185.417238388976
000000100000000000000000000000001000000000011011000010010111,0.10739215628721784,4616.973598522907
000001100000000000000000000000001000000000011011000010010111,0.11786242935754943,5840.637686920774
000001100000000000000000000000101000000000011011000010010111,0.12215122575442988,6449.329131661532
000001100000000001000000000000101000000000011011000010010111,0.12598697709814427,7458.63367834355
000000000000000000000000000000001000000000011011000000010111,0.07831661132300406,3298.6106085481993
000000000000000000000000000000001000000000011011000000000111,0.06778729228091986,3190.1945051302964
000000000000000000000000000000001000000000011011000000000111,0.06778729228091986,3190.1945051302964
000000000000000000000000000000001000000000001011000000000111,0.06813448493708599,3082.3996414116205
000000000000000000000000000000000000000000000011000000000111,0.09477231530232227,1592.592415712083
000000000000000000000000000000000000000000000001000000000001,0.059150628125,742.4795755918017
000000000000000000000000000000000000000000000001000000000000,0.057578128125,371.2135431246241
000000000000000000000000000000000000000000000000000000000000,0.0,0.0
