config,science,cost
000000000000000000000000010000000000000000000000000000000000,0.0,164.28522499456358
000000000000000000000000110000000000000000000000000000000000,0.021025948837500003,471.88168587316125
000000000000000000000000110100000000000000000000000000000000,0.009105333842036396,1121.1585758936483
000000000000000000000000110000000000000000100000000000000000,0.0354880463375,722.7009951159328
000000000000000000000000110000000000000000000001000000000000,0.0493589514053561,1490.0969953750305
000000000000000000000000110000000000000000000000010000000000,0.0334527319625,639.3155189905557
000000000100000000000000110000000000000000000000000000000000,0.023058847670587926,1337.7313607441463
000000000000000000000000010000000000000000000000000000000000,0.0,164.28522499456358
000000000000000000000000010000000000000000000000100000000000,0.0314321988375,595.9218945818515
000000000000000000000000000000000000000000000000100000000000,0.0314321988375,431.63363893128997
000000000010000000000000000000000000000000000000100000000000,0.0314321988375,1061.5613485032095
000000000000000000000000000000000000000000000000101000000000,0.029062344902175095,1286.4152796017934
000000000000000000000100000000000000000000000000100000000000,0.0314321988375,1292.3223668125117
000000000000000000000000100000000000000000000000000000000000,0.021025948837500003,412.61622373455975
000000000000000000000000110000000000000000000000000000000000,0.021025948837500003,471.88168587316125
000000000000000000000000110100000000000000000000000000000000,0.009105333842036396,1121.1585758936483
000000000000000000000000111100000000000000000000000000000000,0.005694138247005433,1554.0898782311765
000001000000000000000000111100000000000000000000000000000000,0.05983820387200543,1920.025316152897
000000000000000011000000111100000000000000000000000000000000,0.05983820387200543,2077.4638429419783
000000000000000011000000111100000000000000100000000000000000,0.07409322249238408,2328.28315218475
000000000000000011000000111110000000000000100000000000000000,0.07373308470245339,2519.9759835517793
000000000000000011000000111100000000000000100000000000010000,0.09643502499238409,2596.9881632449715
000000000000000011000000111100000000000000100000000000011000,0.09784875589303778,3202.8842533415173
000000000000000011000000111100000100000000100000000000011000,0.09464100898414231,3789.3445633654665
000000000000000011000001111100000000000000100000000000011000,0.08315611433866374,4487.523471901637
000000000000000011000000111100000000000000100000000000011010,0.0903631748426599,4888.612294640202
000000000000000011000000111100000010000000100000000000011000,0.10701825170735497,4089.9531518074755
000000000000000011000000111100000000100000100000000000011000,0.1283375512,3518.5609818517087
000000000000000011000000111101000000000000100000000000011000,0.10341988443906519,3613.055343366508
000000000000000011000000011100000000000000100000000000011000,0.09171261687500001,2639.6381335709702
000000000000000011000000111100000000000000100000000000011000,0.09784875589303778,3202.8842533415173
000000000000000011000000111100000000000000100000000000001000,0.07703625589303777,3011.6529078132708
000000000000000011000000111100000000000000100000000000011000,0.09784875589303778,3202.8842533415173
000000000000000011000000111100000000000000100000001000011000,0.08879766917317546,4380.109006422833
000000000000000011000000111100000000000000100000000000011100,0.0807613577254449,4590.28120238085
000000000000000011000000111100000000000000100000000000011010,0.0903631748426599,4888.612294640202
000000000000000011000000011100000000100000100000000000011000,0.126588773125,2955.3148620811617
000000000000000011100000011100000000100000100000000000011000,0.126588773125,3135.5294569306325
010000000000000011000000011100000000100000100000000000011000,0.13946115817500002,3122.621288375418
000000100000000011000000011100000000100000100000000000011000,0.126588773125,3214.5388886923574
000000000001000011000000011100000000100000100000000000011000,0.14539153970283558,3964.6194087631784
000000000000000001000000011100000000100000100000000000011000,0.126588773125,2795.9001767974178
000000000000000011000000011100000000100001100000000000011000,0.132617923125,3190.5190540244575
000000000000100011000000011100000000100000100000000000011000,0.12807656245000001,3287.444382900635
100000000000000011000000011100000000100000100000000000011000,0.12757289995,3349.6412291951146
100000000000000011000000011100000000100000100000000000011000,0.12757289995,3349.6412291951146
100000010000000011000000011100000000100000100000000000011000,0.130584924475,3526.605742758633
100000000000000011000000011000000000100000100000000000011000,0.12757289995,3118.9026782131887
100000000001000011000000011100000000100000100000000000011000,0.14601056538516616,4573.305317592983
100000000001000011000000011100000010100000100000000000011000,0.1565947351315442,5461.402237880623
100000000001000011000010011100000000100000100000000000011000,0.13911296937385173,5997.8074856816065
100000000001000011100000011100000000100000100000000000011000,0.14601056538516616,4753.519912442453
000000000001000011000000011100000000100000100000000000011000,0.14539153970283558,3964.6194087631784
000000000001000011000000011100000000100000100000000100011000,0.151619618693458,4914.543341144198
000000000001000011000000011101000000100000100000000000011000,0.14696403970283556,4371.731132119797
000000000001000011000100011100000000100000100000000000011000,0.10583274942774137,5096.0324436071405
000000000001000011000000011100000000100000100000000000001000,0.12457903970283557,3773.388063234933
000000000001000011000000011000000000100000100000000000011000,0.14539153970283558,3733.8808577812524
000000000000000011000000011100000000100000100000000000011000,0.126588773125,2955.3148620811617
000000000001000011000000011100000000100000100000000000011000,0.14539153970283558,3964.6194087631784
000000000001000011000100011100000000100000100000000000011000,0.10583274942774137,5096.0324436071405
000000000001000010000000011100000000100000100000000000011000,0.0967724287544083,3691.528722227289
000000000000000011000000011100000000100000100000000000011000,0.126588773125,2955.3148620811617
000000000001000011000000011100000000100000100000000000111000,0.13999912706431472,4961.837127910193
000000000001000011000000011100000000100000100000000000111000,0.13999912706431472,4961.837127910193
000000000001000011000000011100000000100000100000000000111000,0.13999912706431472,4961.837127910193
000000010001000011000000011100000000100000100000000000011000,0.14481546416020044,4292.314720158821
000000010001000011100000011100000000100000100000000000011000,0.14481546416020044,4472.529315008291
000000010001000011000000011100000000100000100000000000111000,0.13898652265791792,5289.532439305835
000000010001000011100000011000000000100000100000000000011000,0.14481546416020044,4241.790764026365
000000010001000011000000011000000000100100100000000000011000,0.13959942146699775,4775.8872406666005
000000010001000011100000011000000000100100100000000000011000,0.13959942146699775,4956.10183551607
000000010001000011000000011000100000100100100000000000011000,0.13959942146699775,5037.942719387203
000000010001000011000000011000000000100100100000000000011000,0.13959942146699775,4775.8872406666005
000000010001000011100000011000000000100100100000000000011000,0.13959942146699775,4956.10183551607
000000010001000010100000011000000000100100100000000000011000,0.09193022308163262,4667.189074321586
000000010001000010100000011001000000100100100000000000011000,0.11915704649794964,5131.960211359486
000000010001000010100000011001000000100000100000000000011000,0.12300097068041636,4417.64913986978
000000010001000010100000011001000000100000100000000000001000,0.1074923159174526,4226.417794341533
000000010001000010100000011001000000000000100000000000011000,0.09322992687733041,4101.972411359588
000000010001000010100000011001000000100000100000000000011000,0.12300097068041636,4417.64913986978
000000010001000010100000011001000000100000100000000000011000,0.12300097068041636,4417.64913986978
000000000001000010100000011001000000100000100000000000011000,0.12357704622305146,4089.9538284741375
000000000001000110100000011001000000100000100000000000011000,0.12357704622305146,4699.750170605785
000000000001000010100000011101000000100000100000000000001000,0.08846403509975942,4124.640066189888
000000000001000010100000011101000000100000100000000000011000,0.10927653509975943,4315.8714117181335
000000000001000110100000011101000000100000100000000000011000,0.10927653509975943,4925.667753849781
000000000001000010100000011101000000100000100000000100011000,0.11550461409038183,5265.795344099152
000000000001000010100000011101000000100000100000000000010000,0.10823637768725942,3709.975321621589
000000000001000010100000011101000000100000100000000000010000,0.10823637768725942,3709.975321621589
000000000001000010000000011101000000100000100000000000011000,0.10927653509975943,4151.478891527259
000000000001000010100000011101000000100000100000000000011000,0.10927653509975943,4315.8714117181335
010000000001000010100000011101000000100000100000000000011000,0.1163426074859538,4436.651955480888
000001000001000010100000011101000000100000100000000000011000,0.11405090996961595,4763.924963225895
000000000001000010100000011101000000100000100100000000011000,0.0791141442236613,5388.3633548303505
