config,science,cost
000000000010000000000000000000000000010110001000000000010000,0.035535241800005446,2816.2421679284653
100000000000001000000010000000010000000001000001000000010110,0.15476793786419918,3517.5308882418663
001001000000010000000000000000000100000000000010000000000001,0.10949261616529815,3387.2437874676752
000000000110000000000100000000001000000000000000100000000000,0.07113746417700328,2087.7364480949122
001101000000010000000000000000000100000000000100000000000000,0.03924753513750279,3939.413343970028
000000000000000010000000000000000000000000010000010000000000,0.031411155000000024,1052.9876119105265
100000010100001010000000000000000100000000000010000000000001,0.11570889554769981,4145.03146132121
000000011100001000000000100000000001000100000001010000010000,0.14562311471785172,3788.9247586862502
010000000001000100000000000100000100000000000110000000000001,0.09407502383308797,3473.1503149153486
000000001000000000000000000000000011000000001001110100000011,0.08710324654063362,4199.409393388462
100000000000010000000000000000100000000110010001001000000010,0.09517297010023973,4018.7535080208295
000000000000000000000000000001010000000000000000000000000000,0.033823077192081774,1122.135368864637
000100000000000000000000000000000000000000000000000000000000,0.003685949525120469,865.849674870985
100000001100010000000000000100000001001000000001000100000000,0.11390986779128731,4536.502093165851
000000000000000010000000000000000000000000010000010000000100,0.04764461922591057,1528.8058528395225
100000000000000000010000000000100000000000000000001010000000,0.06586539741730535,2987.8450878358103
010000011100001000000000000000000001000100000001010000010000,0.14310710102343882,4037.014956953946
100000000000000000000000000000100000000000000000010000000001,0.1191431395625,1208.1035853566914
000000000000000010000000000000000000000000010000010010000000,0.056512495598404655,2085.239668658257
000000010100000000100001110000010000000100000100100000000000,0.1401707141498758,3068.857819471817
000000010100000100100000000000000000000000010000010000000100,0.07706240342670656,2957.17623379984
000000011100001010000000000000000001000100000001010000000000,0.11777988294710706,5125.352224537086
001001000000001000000000100000000001000100000000010000010000,0.14569217764319098,4407.338007977649
000000000000000000000000000000010000000000000000000000000000,0.0,167.03576183362094
101000000000000000000000000000000000000100000100010000000000,0.05292185260000004,2157.9954114219445
000000000110000000000100000000010010000000000000000000001000,0.09697461856496181,2127.332085933455
000010001000000000010000000010000001001000011001000000000000,0.09091906422112528,4878.590389937582
000100000000000000000000000000010000000000000000000000000100,0.0525244506779442,1473.188863493192
000000000000000000000000000000000100000000000010010000000001,0.08752469197500001,1180.1945708145397
000000000000010000001000000000010000000000000000000000000000,0.01948691880409148,1153.5594359111344
000000000110000000000100010000001000000000000000010000000000,0.07964660230527099,2410.70003038333
100000000000001000000010000000010010000001000001000000010100,0.11259133907949326,3482.415178644672
010000011100001000000000001000001000000000000000100000000000,0.050746573910824155,4017.231174108965
000000001000000000010100000010000001001000011001000000000000,0.11288879127715945,4314.680595435821
000100000000000000000000000000000110000000000010010000000001,0.09121064150012048,2312.2274709221397
000000010100000000100001110000010000000100000100101000000000,0.15431679963737577,3643.3766017458206
000000011100001000000000100000000001000100000001110000000000,0.13664027382486565,3882.8944847731727
000000000000000000000000000000001000001100000000010000000001,0.0876539135528911,3021.1371013010585
100000001100101000100001000100100010001001000100000000010110,0.1692120051451964,8840.257949849472
100000000100001000000000000000000001000100000101010000010000,0.15385734851906552,3560.159968370426
001000010100000000100001110000010000000100000100101000000000,0.14750846163350806,4640.670083601687
000000010100001010000000000000001000010000000000100000000000,0.07650336587338646,3982.8236976047715
001000010100000010100001110000010000000001000001000000010100,0.15738877420672326,6420.4518829681165
100000001000000010100001110000010000000001000001000000010100,0.15889445263830448,5755.563834475865
000000011100001000000000000000000001000100000001010000010001,0.15200270898116974,3866.441912873086
000000000100101100100001000100100010001001000000000000111000,0.15050378100067996,8841.784921414925
000000000000000000001000000000000000000000000010010001000001,0.055008012762374214,2656.90111860333
000000000000000000000000000100000100000000000100000000000000,0.0,1547.7425272711746
000000000000000000001000000000000000000000000000000000010000,0.03695587535703593,833.8098936977176
100000000000001000000010000000010010000001000001000000001001,0.11290766984996636,4034.086284769879
100000001100101000000000000000010000000001000000000000000000,0.08624065573439088,3264.4226304572376
000000000000000000000100000000000000010000000000010000000000,0.06989354888488863,965.9474934503819
000000000000010000001000000000110000000000000000010000000000,0.057327857417538985,1738.733626527293
000000011100001000000001100000000001000100000001010000010001,0.15200270898116974,4303.158003354358
000000010000000000000000000100000000000000100000000000010000,0.05802125008750003,1605.3283585810962
100000000000001000000010000000010000000100000100100000010000,0.06156392445225001,2645.327231102101
100000000000001000000000100000000000000000000100000000000000,0.016756051250000015,1641.0722002028247
000000000100000000001100000000000000000000000000000000000100,0.05920501381005039,1813.8982307875542
000000000000000000000000000000010000000000000000100000000100,0.04468619890665271,886.7551607093751
100000001000000000000000000000010000000000000000000000000000,0.014425986768062837,1134.2973014912443
000000010110001010000000000000000011000000001001110000000100,0.13464252586433945,5679.033393644205
010000000000000000000000000000010000000000000000000000000000,0.025446749999999962,435.7907839709003
011000000000000100000000000000000010000000000000000000000000,0.02824430008308787,1990.7340542026645
000000011100011000000000000000000001000100000100100000000000,0.12072842132486561,3569.0624390254666
000000000000000000000000000000010000000100000000000000000000,0.0,961.3785008779207
000000100000010000000000000000000001000100000101010000010000,0.15220469946250004,2911.4979473987205
000000000000000000000000000000000011000100000101010000010000,0.11956889822500005,2288.6003945988678
000000000000000010000000000000000010001001000100000000010110,0.0755412721976535,3888.9193156655483
000000000110000000000000000000000001000100000101010000010000,0.15111273753842558,2850.824108556619
101000001100101000100001000100100010001001000000000000111110,0.17028368373751657,10729.054952666436
001000000100000010100001110000010000000001000001000000010100,0.1547384674913681,6299.69781340936
000000000000000000000000000000000100100000000010010000000001,0.08752469197500001,1329.656575389274
100000001100101001100001000100100010001000000010010000000001,0.13223642600992402,7843.238184420406
000000000000000000000100000000000000000000000000000000001000,0.08493713355797416,1089.5655291860312
000000000000010000000000000000010010000000000000000000000000,0.025446749999999962,584.8331685661501
000000001000000000000000000000010000000000000000000000000000,0.006083620130177714,836.5497731659204
000000000000000000001000000000000000000000000000010100000000,0.014376701189519392,1753.5032505560325
001000000100000010100001100000010000000001000001000000010100,0.1547384674913681,6125.788681222069
000000000000000000000000000000010011000100000101010000010000,0.11956889822500005,2374.826839954861
000000000010000000000100000000000000000000000000000000000000,0.047490635131620995,702.1286102138524
000000100000000000000000000000000000000000000100000000000000,0.031432198837500036,871.6747776074734
100000001100101000100001000100010000000000000010000000000000,0.12021130693995663,5097.785973473797
000000000110000100100001000100100010001001000000000000111000,0.14279561749114866,7803.91353781532
101000001100101000110001000100100010001001000100000000010110,0.1708843468698501,10162.377516241671
100000000000000000000000000000110000000000000000010000000010,0.07939532964687501,1122.352038714567
100000101100101000100001000000000001000100000001010000010000,0.18481226077839963,6438.534012555231
000000010100001010000000000000000011000000001001100000000001,0.13435421558139304,4862.891980147254
000000000000000000000000000000010000000000000000100000001100,0.04298318937240009,1315.511404914212
100000001100101000100001000100110010000000000000000000000000,0.12090826136662669,5836.740526432165
000000000000000000000000000000010000000000000001100000000100,0.09461894798677262,1257.7273787989145
101000001100101000000100000001000000000000000000000000001000,0.12998049528163824,5721.229136560685
000000000000000010000000000000000100000000000010010000000100,0.04764461922591057,2023.5705392195694
000000000110000000000000000000000001000100000101010000010100,0.12092205144674562,3376.341320194246
000000011100001000000000000000000000000000000000000000000100,0.061176753680843965,2166.7970136886715
000000000010000001000100000000000000000000000000000000000100,0.060582950930022306,1965.0327379032972
