config,science,cost
000000000000000000010000000000000000000000000000000000000000,0.010874309375,167.30294182536957
000000000000000000010000000000000000000001000000000000000000,0.04536463982018608,1185.33885208258
000000000000000000010000000000000000000001000000000000000000,0.04536463982018608,1185.33885208258
000000000000000000010000000000000000000001000000000010000000,0.061334194345186076,1783.5561453049345
000000000000000000010000000000000000000001100000000010000000,0.06541489526001343,2353.6257293171393
000000000000000000010000000000000000000000100000000010000000,0.049422286487499995,1178.1399432511703
000000000000000000010000000000000000001000100000000010000000,0.05342147515000001,1770.6197244975415
000000000000000000010000000000000000000000100000000010000000,0.049422286487499995,1178.1399432511703
000000000000000000010000000000000000000000100000100010000000,0.06272251974339398,1956.711321364758
010000000000000000010000000000000000000000100000100010000000,0.08562610442508269,2225.41633242498
010000000000000000010000000000000100000000100000100010000000,0.08562610442508269,2673.0917506345327
010000000000000000010000000000000000000000100000100010000000,0.08562610442508269,2225.41633242498
010000000000000000010000000000000000000000100100100010000000,0.07404873899606348,2825.2899625766245
010000000000000000010000000000000000000000100000100010000000,0.08562610442508269,2225.41633242498
010000000000000000010000000000001000000000100000100010000000,0.08562610442508269,2892.2867086700353
010000000000000000010000000000000000000000100000100010000000,0.08562610442508269,2225.41633242498
010000000000000000010000000000000000000000101000100010000000,0.0794612789873384,3017.2115565451268
010000000000000000010000000000000000000000100000100010000000,0.08562610442508269,2225.41633242498
010000000000000000010000000000000000000000100000100010001000,0.09476685863302481,2654.763786217383
010000000000000000010000000000000000000000100000100011001000,0.09477713576817538,3446.3685685733303
010000000000000000010000000000000000000000100000100010001000,0.09476685863302481,2654.763786217383
010000000000000000010000000001000000000000100000100010001000,0.12260006548670478,3657.0916785751615
010000000000000000010000000001000000000000100010100010001000,0.12260006548670478,3779.860067144976
010000000000000000010000000001000010000000100000100010001000,0.11950748694740701,3966.1683592960644
010000000000000000010000000001000000000000100010100010001000,0.12260006548670478,3779.860067144976
010000000000000000010000000001000000000000100000100010001010,0.1244521144893098,3851.377426368863
010000000000000000010000000001000000000000100000100110001010,0.1069429808690128,4443.992259609008
010100000000000000010000000001000000000000100000100010001010,0.10728541976602429,4766.172549575937
010000000000000000010000000101000000000000100000100010001010,0.10420978223208802,4543.732430758571
010000000000000000010000000001000000000100100000100010001010,0.11005214568383115,4801.018684729194
010000000000000000010000000001000000000000100000100010001010,0.1244521144893098,3851.377426368863
010000000000000000010000000001000000000000100000100010001110,0.12689291475029513,4075.679607376045
010000000000000000010000000001000000000000100000100010001111,0.13326919719334906,4554.344502232327
011000000000000000010000000001000000000000100000100010001111,0.13593348754991524,5160.240592328872
010000000000001000010000000001000000000000100000100010001111,0.13783392749357587,5136.338591232299
010000000000001000010000000001000000000000100000100010001111,0.13783392749357587,5136.338591232299
010000000000001100010000000001000000000000100000100010001111,0.1272724358020736,6444.122725365862
010000000000001000010000000001000000000100100000100010001111,0.12350148908778794,6085.979849592631
010100000000001000010000000001000000000000100000100010001111,0.1252573665322689,6051.133714439375
010000000000001000010000000101000000000000100000100010001111,0.1160736903135467,5828.693595622009
010000000000001000010000000001000000000100100000100010001111,0.12350148908778794,6085.979849592631
010000000000001000010000000001000000000010100000100000001111,0.1486152189620128,4753.147038579611
010000000000001000010000000001000000000010100000100000001111,0.1486152189620128,4753.147038579611
010000000000001000010000000011000000000000100000100000001111,0.13144344734101088,5203.492414961354
010000000000001000010000000001000000000010100000100000001111,0.1486152189620128,4753.147038579611
010000000000001000010000000001000000000010100001100000001110,0.1851219532649942,5510.797292568788
010000000000001000010000100001000000000010100001000000001110,0.18016849561061937,5534.103181430204
010000000000001000010000000001000000000010100001100000001110,0.1851219532649942,5510.797292568788
010000000000001000010000000001000010000010100001100000001100,0.1795061850690164,5625.797034671941
010000000000001000010000000001000010000010100001100000001100,0.1795061850690164,5625.797034671941
010000000000001000010000000001000000000010100001100000001110,0.1851219532649942,5510.797292568788
010000000000001000010000000001000100000010100001100000001010,0.17179624683171443,5522.911194669236
010000000000001000010000000001000000000010100101100000001010,0.1376643231433466,5486.095584000039
010000000000001000010000000001000000000010100001100000001110,0.1851219532649942,5510.797292568788
010000000000001010010000000001000000000000100001100000001110,0.18229440877681255,5649.235349921122
010010000000001000010000000001000000000000100001100000001110,0.17793160127896052,5250.666387587166
010010000000001000010000000001000000000000100001100000001110,0.17793160127896052,5250.666387587166
010010000000001000010000000001100000000000000001100000001110,0.16649486941799038,5584.799004660754
010010000000001000010000000001000000000000100001100000001110,0.17793160127896052,5250.666387587166
010010000000001000010000000001000010000000100001100000001100,0.17031775740798272,5365.6661296903185
010010000000001000010000000001000000000000100001100000001110,0.17793160127896052,5250.666387587166
010010000000001000010000000001000000000000100101100000001010,0.13438227142681292,5810.271589963482
010010000000001000010000000001000000000000100001100000001110,0.17793160127896052,5250.666387587166
010010000000001000010000000101000000000000100001100000001110,0.1607952817322753,5943.021391976876
010010000000001000010000000001000000000100100001100000001110,0.12472476394893575,6422.77518531625
010010000000001000010000000001000000000000100001100000001110,0.17793160127896052,5250.666387587166
010010000000001000010000000001000000000000100001100000001110,0.17793160127896052,5250.666387587166
010010000000001000010000100001000000000000100001000000001110,0.1729781436245857,5273.972276448582
010010000000001000010000000001000000100000100001000000001110,0.17808909899665815,5126.357023952841
010010000000001000010000000001001000100000100001000000000110,0.16711011954515817,5178.126977774378
010010000000001000010000000001000000100000100001000000001110,0.17808909899665815,5126.357023952841
010010000000001000010000000001000100100000100001000000001010,0.16654710636136533,5155.577280133858
010010000000001000010000000001000000100000100001000000001110,0.17808909899665815,5126.357023952841
010010000000001000010000000001000000100000100001000000001110,0.17808909899665815,5126.357023952841
010010000000001000010000000001000000100000100001000000001110,0.17808909899665815,5126.357023952841
010010000000001000010000100001000000000000100001000000001110,0.1729781436245857,5273.972276448582
010010000000001000010000000001000000100000100001000000001110,0.17808909899665815,5126.357023952841
010010000000001000010000000011000000100000100001000000001110,0.17739009552774945,6100.02369533658
010010000000001000010000000001000000100000100001000010001110,0.1841108981281026,5931.650832378779
010010000000001000010000000001000000100010100001000000001110,0.16694275140237738,6613.1687154739575
010010000000001000010000000001000000100000100001000010001110,0.1841108981281026,5931.650832378779
010010000000001000010000000001100000100000100001000010001110,0.18360818120625944,6530.763150869807
010010000000001000010000000001000000100000100001000010001110,0.1841108981281026,5931.650832378779
010010000000001000010000000101000000100000100001000010001110,0.16656874808555883,6624.005836768489
010110000000001000010000000001000000100000100001000010001110,0.17183002786253931,6619.8552770369115
010010000000001000010000000001000000100000100001000010001110,0.1841108981281026,5931.650832378779
010010000000001000010000000001000001100000100001000010001110,0.18182150423775478,6398.166824226351
010010000000001000010001000001000000100000100001000010001110,0.1862023231281026,6190.477652851656
010010000000001000010000000001000000100000100001000010001110,0.1841108981281026,5931.650832378779
010010000000001000010000000001000000100000100001000000001110,0.17808909899665815,5126.357023952841
010010000000001000010000100001000000000000100001000000001110,0.1729781436245857,5273.972276448582
010010000000001000010000000001000000100000100001000000001110,0.17808909899665815,5126.357023952841
010010000000001000010000000001000000100000100001000000001110,0.17808909899665815,5126.357023952841
010010010000001000000000000001000000100000100001000000001110,0.174100993446247,5182.6150401159075
010010000000001000010000000001000000100000100001000000001110,0.17808909899665815,5126.357023952841
