config,science,cost
000000000000000000000000000000000100000000001000000000000000,0.0,1088.7695839073328
000000000000000000000010000000000100000000001000000000010000,0.031112723202250003,1506.7858161600898
000000000000001000000010000000000100000000001000000000010000,0.03495915070225,2126.303282187312
000000000000001000000010000000000100000000001000000001010000,0.05329926460794762,3087.939778864353
000000000000001000000010000000000100000000001000110001010000,0.05703726289747369,3661.047925591285
000000000000001000000010000000000100000000001000010001010000,0.05605735030302182,3383.4173092178826
000000000000001000000010000000000100000000001000100001010000,0.05683868831888743,3367.6187214281044
000000100000001000000010000000000100000000001000100001010000,0.0841710730079741,3799.1750815620353
000000100000001000000000000000001110000000000000100001010000,0.0830344292579741,3735.7858407378335
000000000000001000000000000000001110000000000000100001110000,0.05996814396078459,3873.1824308072128
000000000000000000000000000000001110000000000000100001010000,0.05153688299888423,2620.8597249753825
000000000000000000000000000000001010000000000000100001010000,0.05153688299888423,2352.444473449609
000000000000000000000000000000001010000000000000100001000000,0.03454985949095552,2230.752539591628
000000000000000000000000000000000000000000000000000000000000,0.0,0.0
000000000010000000000000000000000000000000000000000000000000,5.683218750000001E-4,253.72024684826238
000000000010000000000000000000000000000000001000000000000000,5.683218750000001E-4,894.8144125460424
000000000010000000000001000000000000000000001000000000000000,0.054712387499999994,1260.7498504677628
000100000010000000000001000000000000001000001000000000000000,0.05906535985541473,3203.9082869296826
000100000010000000000001000010000000001000001000000001000000,0.08845923600271458,4846.303671949463
000100000010000000000001000010000000001000001000000001000000,0.08845923600271458,4846.303671949463
000100000010000000000001000010000000001000001000000001000000,0.08845923600271458,4846.303671949463
000100000010000000000001000010000000001010001000000001000000,0.11144454427235159,5621.27257439449
000000000000000000000011000010000000001010001000000001000000,0.10895792580625227,4642.0422047021875
000000000000000000000011000010000000001010001000000101000000,0.09522740835420014,5230.130801838398
000000000000000000000011000011000000001010001000000100000000,0.09537049040080156,5769.877397300048
000000000000000000000011000001000000001010001000000110000000,0.10425404642620005,5807.961113979018
010000000000000000000011000001000000001010001000000110000000,0.13261766585704232,6076.66612503924
010000000000000000000011000001000000001010001000010110000000,0.13237702907494328,6351.81840764078
000000000000000000000011000000000000000010001000010110000000,0.08001906556586287,4079.8863822259955
000000000000000000000011000000000000000010001000010110000000,0.08001906556586287,4079.8863822259955
000000000000000000000011000000000000001010001000010110000000,0.07962215843246365,5080.785504222778
000000000000100000000011000000000000001010001000010110000000,0.0927032649800345,5242.4605166028805
000000000000100000000011000000000000001010001000110110000000,0.10372078849457167,5509.954235488486
000000000000100000010011000000000000001010001100110110000000,0.11287560421255652,6423.111668383543
000000000000100000010011000000000000001010001100110100000000,0.11189137083751075,5523.089018489247
000000000000100000010011000000000000001010001100100100000000,0.10873531018522054,5241.743431431552
000000000000000000010011000000000000001010001100100100000000,0.0838220096429436,4455.421042484507
000000000000000000010011000010000000001000001100100100000000,0.08006718653943763,4208.406080247694
000000000000000000000000000010000000001000001100100100010001,0.025314702311497357,4182.529845728802
000000000000000000000000000110010000001000001100100000000001,0.07273432578199546,4357.135494187688
000000000000000000000000000110010000101000001100000000000001,0.05809592231650287,4480.894294090109
000000000000000000000000000111010000101000001100000000000001,0.06263908801355154,5324.099396570238
000000000000000000000000000111010000101000001100000000100001,0.08452244638434984,5626.103326509297
000000000000000000000000000111010000101000001100000000100011,0.10384055391872485,5755.676552621702
000000000000000000000000000001010000101000001100000000100011,0.11747756255935479,4089.07907922738
000000000000000000000000000000010000101000001100000000000011,0.07642990302587786,2808.8063928088936
000000000000000000000000000000010000001000000100000000000011,0.07678371771652372,2117.423178910564
000000000010000000010000001000000000000000000100000000000001,0.072867186875,1910.2860422714232
000000000010000000010000001000000000000000001100000000000001,0.072867186875,2353.876212786489
000000000010100000010000001000000000000000001100000000000001,0.099471960625,2519.186720134933
000000000010100000010000011000000000000000001100000010000001,0.11390995565519749,3919.9850989476927
000001000010100000010000011000000000000000001100000010000001,0.14175103605409506,4993.766368246619
000001000010100000010000011000000000000000000100000000000000,0.0797505013920841,2967.7118386022785
000000000010100000010000011000000000000000000100000000000000,0.0418938325,1893.930569303352
000000000000000000010000011000000000000000000100000000000000,0.014720736875000003,1474.8998151066455
000000000000000000000000000000000000000000000000000000000000,0.0,0.0
