config,science,cost
000000000000000001000000011000000100000100000000011110000001,0.04949005417093055,6957.963782959837
000000000000100000000000000000000000000001000000010000110000,0.12335192275535611,1911.1069812318449
010000000001001000000010100000111000110000000001000000000001,0.11415207834267826,4649.747176203357
000000100100010000000100001100010001111100000000000000000010,0.10205411137587161,6808.307487155696
000000000000100000000000000000000000000001000000010000110010,0.1416859034647311,2045.062342374145
000000000000000000000000000000000100100000000000100010101000,0.04742811001396485,3068.151660698835
000000000100000000000000000000000000000000000001000000000001,0.10347413346157297,1190.8879389573917
000000000110100000000000000000101000000000000111010000100001,0.15820316786101052,4173.597474616074
000000011010100000000000010000000000000001000000010000110000,0.13113022116842954,3258.866212291717
000000010001000000010000000010000000000000000001000000000101,0.12481290292791813,2423.886679344343
000000000000000000000000000000000100000000001000000000110000,0.05321386701249997,1560.7659495859725
000000011010101000000000010000000000000001000000010000110000,0.14352752858092943,3862.6941877185523
000000011010010000000000000000000000000100000000000001100000,0.07468444289326293,3731.2535631141936
000000010001000000011000000010000000000000000001000000100001,0.11791256458278299,2838.7629481991485
000000000110100000000000001000101000100001010000000000000100,0.09572205287714608,5176.992822993094
000000000000000000000000001000100000000000000000000000000010,0.04335911820937499,1242.735774175675
000000000000000000000000000000101000000000000111010010100001,0.08076885086550056,4757.934467837251
000000010001000000011000000010000000000000000001000000000101,0.12790982679820107,3054.667130910373
000000010001000000010010000010000001000000100010111100110010,0.17895190931674443,5451.806200594972
000000011010010000000000000000000000000100000000001001000000,0.06662849475697397,4183.163053821428
000001000000000000010000000010000001000000100010111100111000,0.14969210250442377,6093.081397488966
000000010001000000000000000000001110000000000100100000001000,0.11011555302465481,3000.478959734567
010000000001001000000010100000011000100001010000000000010100,0.15400927692495192,4453.67872450078
000000100000000000010000001000000000000000000111010000100001,0.136164460675,3194.056305400456
000000100010101000000000000000000000000001000000010000110000,0.14672380204285607,3086.633835758808
000000010001000000010000000010000000000000000100011000000000,0.10890701562500005,2495.8046654286327
000000000000000000000010001000100000000000001000000000000000,0.026161781250000016,1926.081535711188
000000010001000000011000000010000000000001000000011000110000,0.17196029447373462,4086.2133844399505
100000110000000000000000000000000000000000000000000000000000,0.0734459582125,663.6345220794923
100000110000000000000000000000000000000000000000000001100001,0.11569573511230391,2650.9372093557454
100000110000001000000000000000000000000000000000000000000000,0.07525076687499999,1347.0042777080125
100000010000000000000000100000000000000000000000000000000000,0.03903155687500004,591.2690565317087
000000000000000000010000010000100000011000110000000000000000,0.038239743125,1944.1765581754453
000100010001000000010000000010000000000000000001000000000101,0.12067885757781205,3465.139402492211
000000010001000000000010000000010001101100000001000000010000,0.10276668552644075,3775.2781324803873
100000010000000000000000100000100000000000000010111100110010,0.08323939687766291,4332.888315219582
100000010000000000000000000000000000000000100000000000000100,0.10656007893057118,1185.4803372318722
010000000001001000000010100000011000100001011000000000010100,0.14975918478193428,4880.114680816938
000000000000010000010000000000000000000000000010000000001000,0.07555642179849975,1194.9163362236288
000000100010001000000000000000000000000001000000010000110001,0.17156270019496989,3171.3511847922
000001011010101000000000010000000000000001000000010000110000,0.14766799528659114,4625.177473555005
000000000000010000010000000000000000000000100010000000000000,0.058920356962499976,877.7661679687342
000000100000000000010000000001000000000001000000010000110010,0.15223841197081145,3249.7932094071884
000000000000100000000000000000000000000001000000000010000000,0.06393785564518606,1875.4737456218736
000000000000001000000000000010000000000000000000000001000000,0.03678428419518609,2325.765140648301
000010010001000000011000000010000000000000000001000000100000,0.12202653980468925,3950.7902627436824
000000000000100000000000000000000000000001100000010000000001,0.1258853742492424,2368.4675742778836
000000010101000000010000000010000000000000000001000000000101,0.12486660780951309,3038.512223593085
100000010000000000000000000000000001000000000000010000110000,0.16532751888750008,1330.426741902084
000000100000001000000000000000000000000001000000010000110000,0.1234411801678561,2729.686284379458
000000000110100000010000000000101000000001000000010000110000,0.16696161152293643,3944.5773224870145
000000010001000000011000000010000000000000000100011000000000,0.11200393949528298,3126.5851169946627
100100010000000000000000000000000000000000100000000000000100,0.08140262465231585,2136.275557846079
000000100000001000000010100000011000100001010000000000000100,0.09368500641610888,4235.763506723724
000000100000000000010000000001000000000001100010111100110000,0.10595980593626286,6199.87987619649
000000000000100000000000001000000000000000100010000000000000,0.037292855000000014,1472.6289301102688
100000010000000000000000000000010001000000000000011000000000,0.121262354425,1594.5183194166307
010001000001001000000010100000000000000001000000010000110000,0.14011503554342042,4508.157909958112
001000000110100000010000000000000000000000000000000000000000,0.07892004334827563,2150.081220827471
000000010001000000010010000010000001000000100010111100110011,0.17853858367740705,5871.945748694069
000000010001000000010010000010000001000000100010111101110010,0.17946974867698184,6276.395589572755
000000010001000000011000000000000000000001000000011000000100,0.13647252922101205,4012.7512695534015
000000111010100000000000000000000000000000000001000000000001,0.10195845835268258,2740.896833070856
000000011010100000000000010000000000000000000101010000100001,0.13496783106105859,3360.670192465254
010000000000001000000010100000011000100000000000010000110000,0.08780682500000003,3112.226376640394
000000000000010000010000001000000000000000000010000000000000,0.03942371062500005,1231.7794615978871
000100000000000000000000000000000000000000000000000000000000,0.003685949525120469,865.849674870985
000000000000100100000000000000000000000001100000010000000001,0.11841121019083334,3272.6728539317182
000000100000000000010010000001000000000000100000000000000000,0.07434080046617997,2129.06300620638
000000010001000000011000000010100000000000100010111100110011,0.1521882085049281,6328.960955945209
000000010001000000010000001010000000000000000001000000000101,0.13134716974950977,4013.631727933077
001000010001000000011000000000000000000001000000011000000100,0.14466036331441634,4686.057847960952
100000010000000000000100100000000000000000000001000000000001,0.1394680871148406,1782.0102450961733
000000100010000000010000001000000000000000000100010000110000,0.10048388254999996,2490.849170888437
000000100000000000010000000001000000000001010000010000000100,0.11512411842843484,3361.7773709071853
010000000001001000000010100100011000000000000010000000001000,0.1348907737263153,4029.9644930434124
000000100010101000000000000001000000000001000000010000110110,0.15657587986450683,4936.121010181569
000000010001000000011000001010000000000001000000011000000001,0.142316330319049,6269.55533818284
000000010001000000000000000000000000000000000000000000100000,0.09586525696250003,843.0178453844765
000000010001000000000000000000000000000001100000000000000100,0.1365554681394312,2458.396521216058
110000110000001000000000000000000000000000000000000000010100,0.1442291613428226,2086.0200751724824
000100010000000000000100100000000000000000000001000000000001,0.10860061844831626,2436.12698001813
000000010001000000000000000000000000000000100010000000000100,0.13416053077355938,1405.6791237199031
100000010000000000000000100000000000000001000000000000000000,0.07352188732018605,1609.1547319271056
000100010000001000000000000000000000000001000000010001110001,0.08773836451786299,5131.856610633007
000000100000000000010000001000000000000000000111010000100010,0.11450541524213309,3043.143117266235
000000011010101000000000010000000000000001000000010100110000,0.09108694858071409,4991.245169569054
010000000001001000000010100000011000100011100000000000000100,0.15125822587056637,5685.512799139316
100100010000000000100000000000000000000000100000000000000000,0.03404801557173687,2090.31329141328
000000100010001000000000000001000000000001000000010000110001,0.18131510984736365,4073.421160606694
000000010001000000010010000010001001000000100010111100110010,0.17725490312620718,6660.19708244133
000000010001000000000010000010000001000000100010111101010010,0.17255690076199226,5623.55439217629
100000110000000000000000000000000000000001101000010000000001,0.16669268708459994,3135.6491902788407
100000010000010000010000001000000000000000100010000000000000,0.08811726504999995,1888.403392806134
100000110000000000010000000001000000100001000000010000110010,0.17495271197081141,3748.873697852435
