config,science,cost
001001001000000000100000000000010000000001000001000000000010,0.09361178424294403,4759.410239720783
000000010000000000001011000000100010000001111000000001000001,0.09288093350563642,5716.956171577937
100000000001000000000000000000000000000000000001100110010001,0.11113930964213525,3352.536750108763
010000000001000000000000010100000100000000001000000000110000,0.1397401438375,3086.5610832413486
001011000000000001000000000000000001000010100000000000000000,0.12916773719731045,5371.3543055158025
000100001011010010010000001000100000000001000000000000000010,0.12161543156919374,6023.243943573114
000000000000000000000001000000000000000000001000000000001000,0.09215888592635313,1648.1867694399416
100000000000000000001000000001000000000000000000000000000000,0.05480285764622461,1930.7632834676047
000000100000000000001000000000010000000000011000010000000001,0.12427585969267774,2549.0533174986645
100000010000000000100000000000000000000000001000000000001010,0.09930225536076953,2234.864499278763
000100001011010010010000001000101000000001000000000000000000,0.08607450012280515,7131.302765187117
000000000000000000000000000000100100000000000000000000000000,0.009610412913109045,1038.9592565732744
000000000000001000000000000010000000100000000000000000000000,0.0022939537499999663,1558.3493226552102
100000000000000000100000000000010000000001000000000000000000,0.06382104890535611,1875.851660054689
100000010000000000001100000000100001000000010000010000100001,0.1705978187291045,2897.795694545274
100000000000000000000001000000000000000000001000000000001000,0.10662098342635318,1907.410796051137
010000000001000000100000010100000100000000001000000000000100,0.1402127669526796,3486.11471896892
000000110101000010010000010010000000000000000000000001001000,0.12251533955193261,5297.633860598598
000000100000100000101011000000000000000000000010100000000010,0.11833516777028641,3438.513560676621
100000010000000000001100000000100001000000010001010000100001,0.17577562185410456,3133.7729070442706
100000010000000000001100000000010001000110000000000000100000,0.14868710450208877,3805.6148127454267
010000000001010000000000010100000100000001000000000000000000,0.11475798483078159,3260.207988713474
100000010000000000110000000000000000010000000001000000001000,0.15997544693599974,1992.7068957181946
000001000000000001000000000000000101000000100000000000000000,0.07989462073309017,3346.849782695864
100000010000000010110000000000000000010000000000000001000000,0.09383295895535615,2669.8637841424515
100000010000000000000000000000100000100000000000000000000000,0.060057505712500014,1011.3882908125479
100000010000000000100000000000010000000001000000000000001010,0.12763525792862562,2778.841606890546
100000010000000000001100000000100001010000011000010000000001,0.16708777515410456,3489.4815224241734
100000010100000000001100000000100001000000010001010000000000,0.16168775401877766,3162.142002764058
000000010001000010000000001000000001000000010001110000000000,0.13235979062500003,2823.3926785979274
100000010000000000100000000000010000000001000001110001000000,0.11674721774924679,3986.466318898098
010100100000000000110000000000000000000000000001000000001000,0.14371316477270568,3339.818203930442
100000010000000000110000000000000000010000000001000000000011,0.14298456522187508,1829.216753341306
100000010000000000110000000100010000000001000000000000000000,0.09383295895535615,2829.267598126479
010000000001010010000000000000010001000110000000000000100000,0.13518789718065938,4468.01538317454
100000010000000000001100010000100001000000010000010000100001,0.1705978187291045,3089.639921573442
100000010010000000001100000000100001000000010001100000000000,0.14719849214961445,2778.9907254780856
100000000000000000001000001000000000000000000000000000000000,0.02283967138017773,1606.455682304526
100000010000000000000000000000100000101000000000000000001000,0.09974380362349977,2226.67503078006
000000000000000001110000000000000000000000000001000000001000,0.12752918869019148,2790.6148810845925
100000011000000000001100000000100001000000010000010000001000,0.172877903742771,3812.6038923648784
100000010010000000001100000010100001000000010001100000000000,0.1505341531979295,4350.630618230177
000100000000000000100000000000010000000001000000000000000010,0.07236300846485155,2693.945959325008
000000100000000000100000000000100000101000000000000000101000,0.07264176206229578,3252.27239713357
100000010000000010110000000000000000010000000000000001000010,0.10066484277160836,2875.106822982384
000000100100000000101011000000000000000000010000010000100001,0.15320378777442767,4098.757304381774
000100000000000000100000000000000000000000001000000000001000,0.06272671866397361,2579.657366523137
000000000000000000000100000000000000000000000000010001000010,0.07643884994913286,1950.35497045672
100000010000000000001100000000100001000000010000010000100011,0.1846170509594257,3740.871438194207
100000010000000000001000000000000000000000000000000000000000,0.042188096529785946,1001.8282981413311
100000010000000000001100000000100001000000001000000000001000,0.190383867462951,3242.1295011998363
000000000000000000110000000000000000010000000001000010000011,0.11865309958535941,2786.4898825415116
000000000000000000000000000010000010100000011000010000000001,0.08949294562499999,2344.593209139178
000000000000000000000000000000100000000100000000000000000001,0.07860407696250005,1593.1047945623752
100000010000000100001100000000100001000000010000010000100011,0.1737931010182644,4408.257440365158
000000000100000000001000000000001000000000000000000000001000,0.11122843726797638,2425.647269929718
000000100000000010001100000000100001000000010000010000100001,0.14399817585357322,3951.047055904727
000000000000000000001000000000010000000000001000010000000001,0.09360831210517773,1998.4859155838094
000000000100000000000000000000010000000001000000000000001110,0.0967610359591512,2694.5492995939776
100010010000000000110000000000010000000000001000010000000001,0.15006620006176052,3411.256086549856
100000010100000000000000000000100000100000000000000000000000,0.07947816274586406,1554.4584430730129
000000000100000000001000000000001000000001000000000000000000,0.0768429468392775,2802.5225298976
000000000000000000000000000000100000000000010000010000001001,0.08555649359046047,1984.5581685303955
100000010000000000001000000000010000000000011000010000010001,0.1491782834547859,2513.2015491900866
100000010000000000001100000000100001010000011000010000110001,0.19218413435410453,3829.818746542862
100000000000000000000001000000000000000000000000000000000010,0.08694014383437498,836.6281155434451
100000000000000010000001000000000000000000000000000000000000,0.06860616312500001,1167.9548141476282
100000000000000000000001000000000000000000000000000010000000,0.083591590825,1223.3767577552703
000000100000000000101011010000000000010000000001000000000011,0.1341658976820248,3753.2787210496936
000000001000000000000001000000000000000000000000000000000010,0.08056517227700022,1246.6154534308807
100000010000000000001100000000100001000000000001010000100001,0.17577562185410456,3075.345534777496
110000010000000000001100000000100001000000010000010000100001,0.17158194555410455,3072.901119126069
000000000000000000001000100000010000000000001000010000000001,0.09360831210517773,2162.9642537432883
000000000100000000001000000000001000000001000000000000001000,0.13130367427966616,3443.679695718042
000000000000000000000001000000000000000000001000010000001000,0.09809963850086445,1937.332021530058
000000100000000000100000000000000000001000000001000000001000,0.13012144092635314,2450.057191856397
100000010000000000001100000000100000010000011000010000010001,0.18658266577910454,3307.645296544896
101000010000000000001100000000100000000000000000000000000000,0.09211195197377908,2282.568420067615
000000010100000000001100010000100001000000010001010000000000,0.16051038657665218,3045.7370317731575
100000011000000000001100000000100001000000010000010000000001,0.16331900319967996,3374.3399073725154
000000000000000000000000010000100001000000110001010000000000,0.11040525563750003,1833.140920430867
100010010000000000001100000000100001000000010000010000100000,0.16762077752738969,3913.477627494094
100000010000000000001101000000100001010000011000010000000000,0.16492244748961715,3728.0325142722036
100000010000000000001100000000100001000000001000000000000000,0.142445189985415,2600.972335379395
100001000000000000000001000000000000000000000000000000000000,0.08936775531691643,1682.3536783753677
100000010000000000001100000000100001000000001000100000000000,0.142445189985415,2851.791644622166
100000010010100000001100000000100001000000010001100000000000,0.14419910035157701,3069.7938544380468
110000010000000000000100000000100000000000000000000000001000,0.15898266692088836,2025.0259082888629
000000000000000000000000000000000000001000000001000100001000,0.07099919479558325,2171.84481375357
100000000000000000001100000000100001000000010000010100100001,0.1368006124257518,4053.322038194031
100000010000000000001000000000000000000001000000000000000000,0.07667842697497196,2019.8607239296548
100000010000000000001100000000100001000000001000010000001000,0.18694928671208322,3531.274753289953
110000010000000000000100000000100000010000011000010000110001,0.20445820755560828,3282.56100056437
100100010100000000110000000000000000010000000001000000001000,0.15138087537969502,3204.0605732428826
000000000000000000001001000000000000000000000000000000000010,0.06352304743443327,1364.1983756634581
