config,science,cost
010000000000000000000000000000000000000000000000000000000000,0.02544675,268.75502213727935
010000010000000000000000000000000000000000000000000000000000,0.038659059375,342.3815556643603
000000010000000000000000000000000000000000000000000000000000,0.010874309375,167.30294182536957
000000010000000000000000000000000000000000000000100000000000,0.025336406875000002,418.18329408230306
000000010000000000000000000000000000000000000000101000000000,0.038987510625,992.6445178110309
000000010000000000000000000000000000000000000000101000100000,0.061718694375,1315.067587270125
000000010000000000000000000000000000010000000000101000100000,0.061718694375,1573.738401500485
000000010000000000000000000000000000010000100000101000100000,0.0634906437,1889.967640344852
110000110000111100100000000011001100000110010011000001001111,0.15116489746469253,11388.813161694427
110000010000111000000000000011001100000100000011000001000011,0.12544901437457012,8122.465440572247
110000000000111000000000000010001000000100000011000001000011,0.10653698655245275,7078.927085347637
000000000000000000000000000000000000000000000000000000000000,0.0,0.0
100000000000000000000000000000000000000000000000000000000000,0.0144620975,259.2800180585232
100001000000000000000000000000000000000000000000000000000000,0.04184470449267938,1316.4182404536473
100001000000000000000000000000000000000000000000010000000000,0.06998668118694965,1575.1125174265621
100001000000000000000000000000000000000000000000010000100000,0.08643808492302497,1891.4578267958768
100001000000000000000000000000000000000000000000011000100000,0.08669041983552497,2473.24923952087
100001000000000000000001000000000000000000000000011000100000,0.13421347065976208,2839.1846774425903
100001000000000000000001000000000010000000000000011000100000,0.13421347065976208,3089.467955617503
100001000000000000000001000000000010010000000000011000100000,0.13421347065976208,3348.138769847863
100001000000000000000001000000000010010000010000011000100000,0.13421347065976208,3407.002537923894
000001000000000000000001000000000010010000010000111000100000,0.13692427823988584,4302.915216973171
010001000000000000000001000000000010010000010000101000100000,0.13447861132353697,3418.514317456552
010001010000000000000001000000000010010000010000101000100000,0.139371702220545,3539.1629939567238
010001010000000000000001000000000010011000000000101000100000,0.14212777837054502,4055.4916209645717
010001010000000000000001000000000010011000000000101000110000,0.17369864796046666,4114.2410000266855
010001010000000000000001000000001010011000000000101000110000,0.17369864796046666,4810.790770656096
010001010000000000000001000000001000011000000000101000110000,0.17369864796046666,4530.828098096828
010001010000000000001001000000000000011000000000101000110000,0.15612274865705952,4650.752008582982
010001010000000000001001000000000010011000000000101000110000,0.15612274865705952,4901.035286757895
010001010000000000000001000000000010011000000000101000110000,0.17369864796046666,4114.2410000266855
010001010000000000000001000000000010011000000000101000110000,0.17369864796046666,4114.2410000266855
010001010000000000000001000000000010011000000001101000110000,0.17629373546046664,5210.539889284437
010001010000000000000001000000000010011000000000101000110000,0.17369864796046666,4114.2410000266855
010001010000000000000001000000000010011000000100101000110000,0.17369864796046666,5046.338868389985
010001010000000000000001000000000110011000000000101000110000,0.17369864796046666,4577.816365297941
010001010100000000000001000000000010011000000000101000110000,0.17071076741402016,4379.432402912957
010001010000000000000101000000000010011000000000101000110000,0.1686070731283771,4668.805069866763
010001010000000000000001000000000010011000000000101000110000,0.17369864796046666,4114.2410000266855
010001010000000000000001000000000010011000000000100000110000,0.17271452113546665,3532.9864703578496
010001010000000000000001000000000010011000000000100001110000,0.1274486300673744,4785.718020521743
010001010000000001000001000000000010011000000000100000110000,0.15034100246678384,4677.247576569262
010001010000000000000001000001000010011000000000100000110000,0.18042434043028582,4594.107765261619
010001010000000000000001000000000010011001000000100000110000,0.17672427237647795,4925.788300271935
010001010000000000000001000000000010011000000000100000110000,0.17271452113546665,3532.9864703578496
010001010000000000000001000000000010010000100000100000110000,0.17143755354796666,3274.023314118337
010001010000000000000001000000000010010000100000101000110000,0.17271452113546665,3855.277843787173
010001010000000000000001000000000010011000100000100000110000,0.17271452113546665,3855.6157632871245
010001010000000000000001000000000010010000100000100000110000,0.17143755354796666,3274.023314118337
010001010000000000000001000000000010010000100010100000110000,0.17143755354796666,3387.4180271159366
010001010000000000000001000000000010010000100000100000110010,0.18977153425734167,3407.5369845372006
010001010000000000000001000000000010011000000000100000110010,0.19104850184484168,3666.500140776713
010001010000000000000001000000000010010100000000100000110010,0.18924369318234166,3916.7277169510935
010001010000000000000001000000000010010000001100100000110010,0.18924369318234166,3996.353019676385
010001010000000000000001000000000010010000000000100000110010,0.18924369318234166,3091.307745692834
000000000000000000000000000000000000000000000000000000000000,0.0,0.0
