config,science,cost
000000000000000010000000000010000000000000000010000000000000,0.007380882300000002,1465.5626786260173
001000000000000000000000010000000100000000000000000000000001,0.05987208187500004,1818.0410598373546
000000100010100000000000010001000100110000000011100000010100,0.14841167746356276,4713.841306817422
000000001000000000000001000100001000001000100000000001000011,0.11273358743813366,5009.7788685324385
000010000000000000000000000000010010000000110000011000000100,0.06595280656776148,3184.345927509911
000000000000000000010000000000000000000000000000001000000000,0.014720736874999973,836.4313746887732
000000000001000000100001000000100100000000000000010001000000,0.11368584983115415,3413.255689770591
000000000001001010000000101000000000000000000000001000100000,0.088793805,4399.5337202574565
000000100010100000000000010001000000100100000100100000111110,0.1373470559088028,5446.554143954945
000000000000010000000000000000000000000000000000000001000011,0.07508880067134949,1951.1028124305126
010000000000000000000000000000010000010000000001100000000000,0.09438202812500007,1207.6180684685478
000000000000000100000000000000000000001000000000000000000000,0.004326852583087959,1534.8352520891692
000000000010001000100001000000000000000000000000011010000000,0.11036353674964317,3881.2809604495624
010000100010100000000000000000000000000000000000011010000000,0.08683366976706475,3481.743506578533
000001000010001000100001000000000000000000000000010001000000,0.12506720977879748,3858.6600628914994
000000000000000000000000100000000000000000000000010001000000,0.038685540139908436,1558.1750404874697
000000100000000000000010000001000000000000000001000000000000,0.1090211603896073,2058.8180424645957
000000010001001000000010010001000100110000000011100000010100,0.14447375686807407,5096.425756982236
000000100010100000000000010101000000000000000000001000000000,0.05535868976765734,3544.126393876068
000000000000000000000000100000000000000000010000010001000000,0.038685540139908436,1722.4633870558027
000000000000000000000000000000000100000010010000000000000000,0.014985427699999998,1119.302622288262
000000001000000000000001000100001001101000000010011001101000,0.11206313254120026,7883.873739905583
000000000010001000100001000000000000000000001000010001000000,0.1114792320027993,3524.7999243923605
000000000000000000000000100100000100000000000000010001000000,0.038685540139908436,2715.3312461425476
001000000000000000000000000001010100000000000010000000000000,0.018636709581778765,2276.8653716763383
000000010000000000000001000001000000010000000001100000000000,0.10978515783947407,2278.340722860108
000000000000000000000010000001000000000000000000000000000011,0.1316401465894741,1733.7151626495936
100000000010001000100001000000000000000000000000000001000000,0.11594175759496983,2782.900927741278
000000011001001000000010010001000100110000000011100000010100,0.1212397422543392,5938.484827743665
000000100010000000000000000000000010000000000000010000000000,0.06067877081250006,1117.7992202515984
000000000000010000010001000000010001101000000010000000000000,0.09955481787507103,2750.1619928591153
000000000000010000010001000000010011000000000000010000000000,0.10479667999999998,1486.0430218430774
000000100110001010100001000001000000000001100000001100000000,0.12960360565640527,8972.406370984861
000000010001001000010000101000010010000000000001110000000000,0.13794586129999997,3910.648528967935
100000100000010110010000000001000001000000001000100000001000,0.14174446285047848,5940.685557652283
000000000000000000110001000100001000001000100000000001010011,0.12682139498593192,4820.876977204042
100000000110001000100001000000000000000000000000000001000000,0.1361216981152924,3383.1398160813233
000001000000000000000000000000000000000000000000010000000000,0.07238527434334685,1267.9988236549316
100000100000010110010000000001000001000000001000100001001000,0.12995906835735604,6654.7825349473005
000000000001000000100000000100100100000000010000000000000000,0.08374681241250004,2684.998832800369
000000000000000000000010000001000000000000000000010000000100,0.07081852773842912,1990.5606571079516
000000000000000010110001000100001000110000000011100000010100,0.14062119912978144,5967.544015736363
000000000000000000000010000001000100000000000000010000000000,0.04702297230770247,1775.4352954744463
000000000000010000010001000010010011000000000000010000001110,0.13602625690473702,4048.4062653218516
000001000000000000000000000000000000000000000000011000000000,0.07314992559334688,1843.3487946882058
100000010000000000100001000000000000000000000000000001000100,0.1398640155332822,2293.1615160674455
000000010001001000010001101000010010000000000001110000000000,0.13794586129999997,4198.25389489461
010000100000000000000001000000010011000000000000010000000000,0.1242115332125,1842.750998658879
000000000000000000000000100000001000000000000000010001000000,0.038685540139908436,2262.6866325634164
000001000000000000000000000000000000001000000000000000000011,0.11046283594180628,2155.9571473437536
000000000000100000000000000000000000001000000000000000000000,0.016756051250000015,928.2096038293795
000000000000000000000000011001000100110000000011100000010100,0.10111257294243181,4891.032843742589
001000000000000000000010010001000100110000000011100000010100,0.10681560794654588,4782.885617579238
000000000000010000010001000000100000000000000000010001000000,0.1356986901836681,2345.156023674092
000000000000000000100000000000000010000000000000010000000000,0.0497041989375,940.5339152817583
100000000110001000100001000000000000000000000001010000000000,0.143250514476573,2965.4569703529246
000000000000000000000000000000000000001000000000100000000011,0.09147056369667061,1817.387110641249
100000000000000000000000000000000000000000000000010000000010,0.05913403205937495,628.8332775500844
000000000000000000000010000001000000001000000000000000000000,0.037687737516046815,1925.033716424225
100000100000010110010000000001000001000000001000101000001000,0.13750973186069637,6957.547686138167
000001000010001000100001000000010000000000000000010001000010,0.1358630452436247,4228.712116188028
000000000000000000000010000001000100000000000000000000000011,0.1155140293752972,1994.4080419450843
000000100010100001000000010001000100110000000011100000010100,0.1383484609444976,5771.035520659873
000100000000000000100000000000000010000000000000010000000000,0.05339014846262047,1806.3835901527432
000000000000000000000001000010010011000000000000010000000000,0.09056178312499996,2696.4666179884366
000010000000000000000000000000000000001000000000000000000000,0.0022939537499999663,1298.9905655874627
000000000000001000000000100000000000000000000000000000010100,0.06298315401400245,1493.4495893387332
000000000000100000000010010001000100110000000011100000010100,0.1187907743039327,4280.165389486934
000000000000000000000010000001000000100000000011100000010100,0.1353560711284706,3232.0188160398993
100000000000100000000000000000000000110000000011100000010100,0.10798540549510494,2772.7767307209597
010000000000010000000000000000000000000000000000000011000011,0.07353667876001624,3132.7931023110896
000000100010110000000000010001000100000000000000010000000000,0.09724739144627792,2902.7075293353264
100000000110011000100001000000000000000000000001010000000000,0.14057389081320903,4347.719211761572
100000000000100000010001000001000100110000010011100000010100,0.1485597368558358,4423.319056622315
010000000000000000000000000000010000010000000001100000000010,0.11271600883437505,1317.7615856804628
010000000000100000000000000000010000010000000000000001000000,0.07129423044518612,1971.8540089248854
100000010000000000000000000000000000000000001000010000000000,0.06635363755000001,1232.4053763133948
000000100010100000000000010001000100000000000001110000000000,0.14601334851142456,3242.2643643554857
000000000000000000000000000100000100000000000100100000101110,0.05154547560955813,3456.5632860190735
100000000000000000000010000000000000000000000000000000000011,0.12080412124999995,990.6112969030105
000000000000010001010001000001000100110000010011100000010100,0.11111815582428997,5528.458130534885
000000000000010000010001000010010011001000110000011000000100,0.1524851513026929,5519.777954714591
010000000000000000000000000000010000010000000000100000000010,0.055137880709374976,1055.3774992665076
000000000000000000000000100000010000010000000001100000000000,0.07204022562500001,1103.3913955678045
100000000000100000010001000000000110000100000010010000000000,0.12100136567499997,2813.768173313196
000000000000010000010001000010010011001000000000010000000000,0.10556133125,3617.2650920882684
000000000000100000000010000000000000000000000000010000000010,0.08956394697500003,803.9790253233679
000000000000100000000110000000000000000000000000010000000010,0.09197748785690618,1404.2179136634131
010000000000000000000000000000000000000000000000010000000010,0.049745135709375,638.314261999111
100000000000100000010001000000000100000100000010010000000001,0.126526853175,2780.929104021861
000000010001001001010000101000010010000000010011100000010100,0.14873594563767678,5953.891871912207
100000000000000100000000000000000000000000000000010000000000,0.04283295018308797,1384.1226023235315
000000000000000000000010000001000100000000000000000000000100,0.05870194770707704,1956.7346597738122
100000000110001000100001000000100000000000000000010001000000,0.1388688292301965,4092.332195450179
000000010001001100010000101000010010000000000001110000000000,0.1397788189523409,5218.432663101496
