config,science,cost
000000000000000000111101000100000010001000001101010000000000,0.07605470073230614,5871.498537173435
000000000000000000000000000100000000000000000000000000000010,0.018333980709374975,1072.2346576891102
000000000000000000000100000000000000000000000000000000000000,0.046922313256620996,448.4685696012415
000000000000000001000000000000010010101000001000000000000100,0.06761472495145182,3696.817635314208
100000100000000000011000000000110001100010000000100010000000,0.14733736266577868,4911.6181160074175
000010000001000000001100000000001000000000000000000010000000,0.10919248192425479,3043.5266110857588
000000000100000000000000000001000000010000000000000000000000,0.07223848396362764,1709.4070699537288
001010000001000000001100000000001000000000000010000000000000,0.0763277013239495,4565.487635920904
100001010000000000001101010100000000000100001000100000000000,0.09996289329757047,5481.81217697588
000000000000000000000100000000001000000000000010000000000100,0.05471943621986908,1766.6499956217533
010000000001000000001100000000001000000000000010000000001000,0.15997876124414045,2982.792140923144
001000000000000000000000000000000000000000000010000001000000,0.03678428419518609,1912.9626798692168
000010000000000000000010000001001000000000000000000000000001,0.07332826551912142,2750.20357307157
000000000000000000000000000000000000000000000000000000000000,0.0,0.0
000000000000000000011000000000110001100010000000100010001000,0.15257739347622246,4748.624753525231
000000000000000000000000000000000010000000000010000000000010,0.018333980709374975,673.1295439242691
000000000000000000000001000001000000000000000000000000000000,0.08287625096447404,1368.2633302794989
000000000000000000000000000000000010000000000000000100000010,0.006426556896528268,1240.7366286529439
000000100000000100000000010010010000000010000000000000000000,0.05583140767058792,3430.4218472530906
100000100000000000011100000000110001100010000000100010000000,0.1668252238975716,5156.964854935002
000000000000000000000011000001000000000000000000000000000000,0.08401289471447404,1552.1740627986842
000000000100000000100000000001000000010000000000000000000000,0.08684049963876073,2140.9634300876596
000000000000000000000001000000001000000000000000000010000100,0.09087768127886686,2376.823009995652
000000010000000000000100000000000000000000000000000000010000,0.081381013931621,780.0673937920292
000000000000010010000000000000000010000000000000000000000010,0.04347621365331311,1945.1505836211375
000000000100000000000000000001000000010000000000000000010000,0.10221456341587754,1874.333513683251
000000000000010000000000000001000000000100000000000000000000,0.05970389001604681,2065.133644633861
100000000000000000000001000000000000000000000000000000000010,0.08694014383437498,836.6281155434451
010010000000000000000000000000000000000000000010000001000000,0.05864843656412411,2712.9915786763922
000000000100000000000000000001000000010000000000010000000010,0.11354370030127026,2079.016320892618
010000110000100001000000000000010000001000001000000001000000,0.1106644424487464,4751.186505664913
010000000110000000000000000000000000000000010000000000000010,0.06874433876680641,1431.4053528900065
000011100000000000000100000000000000000010000000000000000000,0.09780781757409929,3647.5509395847866
010000000000000000011000000000110001100010000000100010000100,0.1620726683702729,4834.4922430624265
000000000000000000001100000000100000010100000100101000011000,0.11036616494506946,4708.225386761112
000000000000000000000001000000001000000000000000000010000101,0.08846058160477566,2788.53183752599
000000000000000000000001000000001000000000000000100010000100,0.09138887479739899,2656.1044177720937
000000000000000000000000000000000000000010000000000000010000,0.04460692327500004,762.3614403263135
000000000000100001000000000000010100001000001000000001000000,0.04704008402428839,4475.505929736662
010000110000100001000000000000010000000000001000100001000000,0.10557579385368521,3984.511019291605
010000000000000000011000000000110001100010100000100010000100,0.16215140017415508,5342.327333951969
000000100000000000011000000000110001100010000000100010000100,0.15420910415846978,4997.343592136136
010000000000000000000000000000000000000000000000000000010000,0.057066321249999996,433.05090450269745
000000000000000000000000000000000000000000000000000000010000,0.029976079452250004,164.2924476480789
001000000000000000010000000000110001100010000000100010000000,0.12577468165369654,4371.866603795319
001000000000000000010000000000110000000000000000000000010000,0.05982605875000002,1508.4909284917537
000000000000010000000000000000000010000000000000000000000001,0.08302487812500003,890.2543217023119
010000000000000000011100000000110001100010001000100010000000,0.1610390933732181,5262.568083662649
100000100000000000000000010000000001010000000000010000000010,0.158284997771875,1755.21476137361
100000100000000000000000010000000001010000010000100010000000,0.12830367179691482,2821.2579498466944
010000100000000001000000000000000000000000100001000000011000,0.18815886035771734,3014.033444582176
010000100000000001000000000000000001000000100000000000000010,0.1509051540747106,2568.3445892571626
100000100000000000000001000000000000000000000000000000000000,0.1143777144625,958.2762541963093
010000000001000000001100000000000000000000000000000010010000,0.1575732057416045,2135.18135358181
000001000000000000010000000000110001100010000001100010000000,0.1528769198915887,5109.802980395676
001010000000000000000010000001001000000000000000000000000000,0.028806854451761343,3987.7240174558688
100000000000000000001001000000000010000000000010000000000010,0.07798514493443331,2085.083295188393
010000100000000000000000010000000001010000000000010000001010,0.15103887285414874,2512.014110048841
000001000000000000000000000000000000000000000000000000000000,0.0429423729933468,1009.3045466820167
010000100000000000000000010010000001010000000000000000000001,0.12224327956250003,3158.627400041759
000000000000000000001000000000000000000000000010000000000000,0.006083620130177714,880.5889792374583
100000100000000000000001000000000000101100010010001000010010,0.16825459950937505,4206.092713428183
000000000000000000000000000000000000000010000000000000000000,0.014985427699999998,598.065454921819
100000000000000000011000000000110001100010000000100010001000,0.1603025666931538,5007.848780136428
000000000000000000000000000001000000010000000001000000010000,0.11285233041672416,1687.6787784065887
000000000010000000001000000000000000000000000010000000000000,0.011490854322604882,1134.3092260857206
100000100000000000000000010010000001010000000000010000000010,0.14299127901032294,3170.165793354154
000000100000000000000100000000000000000000000000000000000000,0.07835451209412103,880.1022085325314
000000000000000000000100000000000000000010000000000000010000,0.09152923653162104,1210.7698036919035
100000100000000000000000010000001010000000000010000000001000,0.09824846913885321,2726.9691813975414
100000000000000000000001000000000000000000000010000000001010,0.10940474851909343,1666.1341190760947
100000100000000000000000000000000010000000000000000000000000,0.06023364883750004,842.6240944495014
010000000001000000001100000000001000000000000010000000000000,0.10927397766794433,2341.6349751027024
000000000000000000000000000100000000000010000000000000010000,0.04460692327500004,1623.1274470048943
000000000000010000000000000000000011000000000010000000000000,0.07959081562500003,1003.4565905098511
100000100000000000000100000001001000000000000010000000000000,0.11814541930932942,2747.339099765858
000000000000000000000000100000000000000000000000000000000000,0.0,258.5627292295798
000000000000000010000100000000000000000000000000000000000000,0.035881768960945415,1394.9583605577675
000000000100000001000000000000000000000000100001000000011000,0.18638357644595538,2890.9913840988806
000000010100000000000000000001000000010000000000000000010000,0.1062687177157946,1992.966424658463
010000000000000000000000000000000000000000000100000000000000,0.025446749999999962,708.7961608134628
000000000100000000000000000001000000000000000000000000001000,0.1102533042649807,2091.8934215438094
010000100001000000001100000000000001100010000000100010001000,0.20247513685782093,5374.299891094133
010000100000000000011100000000110001100010000000100110000000,0.1712566673358059,5762.52120216989
010000000001000000001100000000000100000000000000000010010000,0.1575732057416045,2582.856771791363
010000000000000000011101000000000000101100010010001000010010,0.1225967666053902,5053.143111976436
010000000000000000000000100000000000000000100000000000000000,0.04570804758750002,940.0300768149167
000000000100000001000100000000000000101100010010001000010010,0.11953960222910032,4967.543672380218
100000100000000000000001000000000000000000001000000000000000,0.1143777144625,1599.3704198940893
000000000100000000001100000000001000000000000010000000001000,0.10990979738624662,2893.3097463195973
000000000000010000000000000000000000000000100001000000011000,0.1588738627048818,1701.9834851114956
000000010000001000000100000000000000000000000000000000010000,0.07606165828678835,1842.9948446022502
000000000100000000000000000000000001000000000000010000000010,0.1410712001110439,1181.9768937315373
000000010000010000000000000000000000000000110001000000011000,0.1615853922581283,1942.92044161471
001000000000000000000100000000000000000010000000000000010000,0.09537566403162101,1894.139559320424
