config,science,cost
100000000000000000000000000000000000000000000000000000000000,0.0144620975,259.2800180585232
110000000000000000000000000000000000000000000000000000000000,0.048161050000000004,443.7246496547539
111000000000000000000000000000000000000000000000000000000000,0.038236676283312516,1871.8188203037812
110000000000000000000000000000000000000000000000000000000000,0.048161050000000004,443.7246496547539
110100000000000000000000000000000000000000000000000000000000,0.010893975930124344,1489.904820472551
110000000000000000000000000000000000000000000000000000000000,0.048161050000000004,443.7246496547539
110010000000000000000000000000000000000000000000000000000000,0.03248068009560907,1778.5481984148691
110000000000000000000000000000000000000000000000000000000000,0.048161050000000004,443.7246496547539
110000000000000010000000000000000000000000000000000000000000,0.05215720135,1073.7296380240323
110000000000000010000000000000000000000000000000000000000000,0.05215720135,1073.7296380240323
110000000000000010000000000000000000000000000000000000000000,0.05215720135,1073.7296380240323
110000000000000110000000000000000000000000000000000000000000,0.054464021099758085,2286.2790893297424
110000000000001110000000000000000000000000000000000000000000,0.054921505056309064,3411.1865251054496
110001110000001110000000000000000000000000000000000000000000,0.0591968771479301,5372.1294328902295
110000000000001110000000000001110000000000000000000000000000,0.09198933340743934,5171.361347745684
100000000000010000000000001001110000000100000000000010000000,0.0864018577358696,4754.522558537669
100000000000010000000000001000000000000100000000000010000000,0.054522232600000005,2598.2673633043323
100000000000010000000000001000000000000100000000000000000000,0.03756855125,2000.050070081978
100000000000010000000000001000000000000000000000000000000000,0.03756855125,1205.949328866117
100000000000010000000000000000000000000000000000000000000000,0.0368039,528.0350401958026
100000000000000000000000000000000000000000000000000000000000,0.0144620975,259.2800180585232
000000000000100000000000000000000000000000000000000000000000,0.0144620975,259.2800180585232
000000000000000000000000100000000000000000000000000000000000,0.0,258.5627292295798
000000000000000000000000000000000000100000000000000000000000,0.0,250.8605824203334
000000000000000000000000000000000000000000000000100000000000,0.0144620975,250.88035225693346
100000000000000000000000000000000000000000000000000000000000,0.0144620975,259.2800180585232
000000000000000000000000000000000000000000000000000000000000,0.0,0.0
010000000000000000000000000000000000000000000000000000000000,0.02544675,268.75502213727935
000000000000010000000000000000000000000000000000000000000000,0.02544675,268.75502213727935
000000000000000000000000010000000000000000000000000000000000,0.0,267.90279362473655
000000000000000000000000000000000000010000000000000000000000,0.0,258.7277567620171
000000000000000000000000000000000000000000000000010000000000,0.02944290135,258.7511670871233
100000000000000000000000000000000000000000000000010000000000,0.040800051350000005,518.0311851456465
000000000000100000000000000000000000000000000000010000000000,0.040800051350000005,518.0311851456465
100000000000000000000000000000000000000000000000010000000000,0.040800051350000005,518.0311851456465
101000000000000000000000000000000000000000000000010000000000,0.052921852600000006,1121.7462790109453
100000000000001000000000000000000000000000000000010000000000,0.0415647026,1201.2880592126303
100000000000000000000000001000000000000000000000010000000000,0.0415647026,1195.9385947788096
100000000000000000000000000000000000001000000000010000000000,0.0415647026,1186.9038808022942
100000000000000000000000000000000000000000000000011000000000,0.0415647026,1093.2682746173843
101000000000000000000000000000000000000000000000010000000000,0.052921852600000006,1121.7462790109453
101100000000000000000000000000000000000000000000010000000000,0.0365321345722568,2498.5646656687823
101000000000000100000000000000000000000000000000010000000000,0.05495475143308792,1987.5959538819302
101000000000000000000000000100000000000000000000010000000000,0.052921852600000006,1982.512285689526
101000000000000000000000000000000000000100000000010000000000,0.052921852600000006,1915.8470202268063
101000000000000000000000000000000000000000000000010100000000,0.037311634266979844,1947.3438880954318
101000000000000000000000000000000000000100000000010000000000,0.052921852600000006,1915.8470202268063
101000000000000000000000000000000000000000000000010000000000,0.052921852600000006,1121.7462790109453
101010000000000000000000000000000000000000000000010000000000,0.0499320464301238,2796.012293150218
101000000000000010000000000000000000000000000000010000000000,0.05489010625,1751.7512673802235
101000000000000000000000000010000000000000000000010000000000,0.05489010625,1745.9263545288568
101000000000000000000000000000000000000010000000010000000000,0.06587938260000001,1719.8117339327641
101000000000000000000000000000000000000000000000010010000000,0.060441047206572146,2255.9071103169795
101000000000000000000000000000000000000010000000010000000000,0.06587938260000001,1719.8117339327641
101001000000000000000000000000000000000010000000010000000000,0.0819290602137396,3250.567679824081
101000000000000001000000000000000000000010000000010000000000,0.09663103701677514,2729.116280614781
101000000000000000000000000001000000000010000000010000000000,0.10013652261604683,2722.1396262905428
101000000000000000000000000000000000000011000000010000000000,0.08600567525353953,3036.8070035653705
101000000000000000000000000000000000000010000000010001000000,0.08044716228525588,2760.7871249512373
101000000000000001000000000000000000000010000000010000000000,0.09663103701677514,2729.116280614781
101000100000000001000000000000000000000010000000010000000000,0.1233445376044083,3082.8476440675977
101000000000000001100000000000000000000010000000010000000000,0.10036275265676738,3375.0321824645634
101000000000000001000000000000100000000010000000010000000000,0.11074390760440829,3156.854301494117
101000000000000001000000000000000000000010100000010000000000,0.11074390760440829,3066.9883444295174
101000000000000001000000000000000000000010000000010000100000,0.11372611010440829,3045.4615899840956
101000100000000001000000000000000000000010000000010000000000,0.1233445376044083,3082.8476440675977
101000100000000001000000000000000000000010000000010000000000,0.1233445376044083,3082.8476440675977
101000110000000001000000000000000000000010000000010000000000,0.1365568469794083,3151.1516074452966
101000100000000001010000000000000000000010000000010000000000,0.12843441136832104,3203.6281878303525
101000100000000001000000000000010000000010000000010000000000,0.1233445376044083,3249.886491588836
101000100000000001000000000000000000000010010000010000000000,0.1233445376044083,3156.4093932244878
101000100000000001000000000000000000000010000000010000010000,0.1543199063544083,3141.7218329197694
101000100000000001000000000000000000000010000000010000010000,0.1543199063544083,3141.7218329197694
101000101000000001000000000000000000000010000000010000010000,0.13044191573120004,4598.608396669499
101000100000000001001000000000000000000010000000010000010000,0.14967468996455935,3638.3321708256963
101000100000000001000000000000001000000010000000010000010000,0.1543199063544083,3808.5922091648254
101000100000000001000000000000000000000010001000010000010000,0.1506968728151203,4091.13122354367
101000100000000001000000000000000000000010000000010000011000,0.1521781296758405,3861.862231600443
101000100000000001000000000000000000000010000000010000010000,0.1543199063544083,3141.7218329197694
101000100100000001000000000000000000000010000000010000010000,0.14210985015108363,4375.156802693284
101000100000000001000100000000000000000010000000010000010000,0.15508032814995656,3403.736136020507
101000100000000001000000000000000100000010000000010000010000,0.1543199063544083,3589.3972511293223
101000100000000001000000000000000000000010000100010000010000,0.14970566944432262,3887.3562216625437
101000100000000001000000000000000000000010000000010000010100,0.14561754154497666,3667.2390445573965
101000100000000001000000000000000000000010000000010000010000,0.1543199063544083,3141.7218329197694
101000100010000001000000000000000000000010000000010000010000,0.1532789180221577,4477.091898675975
101000100000000001000010000000000000000010000000010000010000,0.15310893814158116,3459.9188023849415
101000100000000001000000000000000010000010000000010000010000,0.1543199063544083,3392.0051110946824
101000100000000001000000000000000000000010000010010000010000,0.1543199063544083,3269.5638624358344
101000100000000001000000000000000000000010000000010000010010,0.17163993821378332,3252.821855791528
101000100001000001000000000000000000000010000000010000010010,0.21069065047417418,4725.407150841289
101000100000000001000001000000000000000010000000010000010010,0.18676081422005752,3753.7138532426425
101000100000000001000000000000000001000010000000010000010010,0.22025904916221056,3616.7811352185854
101000100000000001000000000000000000000010000001010000010010,0.21817316295551323,4236.7851498623895
101000100000000001000000000000000000000010000000010000010011,0.20361053939716092,4097.412835808199
