config,science,cost
100000000000000000000000000000000000000000000000000000000000,0.021025948837500003,431.63363893128997
100000000001000000000000000000000000000000000000000000000000,0.03432705782835571,1655.2204485317989
100000000000000000000000000000000000000000100000000000000000,0.0354880463375,682.5139911882234
100000000000000000000000000000000000000000010000000000000000,0.04970419893749999,690.3848060184132
100000000000000000000001000000000000000000000000000000000000,0.04885915569117999,1433.8842524917095
100000000000000000000000000000000000000000000000000010000000,0.021594270712500002,685.2766069821934
100000000000000000000000000000000001000000000000000000000000,0.0493589514053561,1449.5887859222548
100000000000000000000000000000000000000000000000000000000001,0.05581780620913722,1440.8609068159476
100000000000000000000000000000000000000001000000000000000000,0.07860407696249999,802.8223926011085
100000000000000000000000000000000000000000000100000000000000,0.024801556787890828,1225.7923740100541
100000000000000000000000000000000100000000000000000000000000,0.021025948837500003,1225.657101349792
100000000000000000000000000000000000000000000000000010000000,0.021594270712500002,685.2766069821934
100000100000000000000000000000000000000000000000000000000000,0.049827398837499995,592.3408162745889
100000000000000000000000000000000000000000000100000000000000,0.024801556787890828,1225.7923740100541
100000000000000000000000000000000000000000010000000000000000,0.04970419893749999,690.3848060184132
100000000000000000000000000000001000000000010000000000000000,0.050744356350000006,1359.2362143250298
100000000000000000000000100000000000000000010000000000000000,0.05023204001250001,1065.5724082709125
000000000000000000000000000000000000000000010000000000000000,0.02944290135,258.7511670871233
100000000000000000000000000000000000000000010000000000000000,0.04970419893749999,690.3848060184132
100000000000000000000000000000000000000000000000000000000000,0.021025948837500003,431.63363893128997
100000000000000000000000000000000000000001000000000000000000,0.07860407696249999,802.8223926011085
100000000000000000000000000000000000000001000001000000000000,0.06313586447113648,1914.1328730899477
100000000000100000000000000000000000000001000000000000000000,0.07991974053749999,1230.560413480445
100000000000000000010000000000000000000001000000000000000000,0.07860407696249999,1070.6736625921155
100000000000000000000000000000000000000001000000000001000000,0.0855761488375,1139.3825982592857
100000000000000000000000000000000000000000000000000000000000,0.021025948837500003,431.63363893128997
100000000100000000000000000000000000000001000000000000000000,0.06409685363569351,1861.9696691309434
100000000100000000000000000000000000000001000000000000000000,0.06409685363569351,1861.9696691309434
100000010000000000000000000000000000000001000000000000000000,0.1062683782125,979.7869061646263
100000000000000000000000000000000000000001000000100000000000,0.09032599053750003,1234.3787527350396
000000000000000000000000000000000000000001000000000000000000,0.057578128125,371.2660324671776
100000000000000000000000000000000000000001000000000000000000,0.07860407696249999,802.8223926011085
000000000000000000000000000000000000000001000000000000000000,0.057578128125,371.2660324671776
100000000000000000000000000000000000000001000000000000000000,0.07860407696249999,802.8223926011085
100000010000000000000000000000000000000001000000000000000000,0.1062683782125,979.7869061646263
100000010000000000000000000000000000000011000000000000000000,0.124602358921875,1086.1878971410015
100000010001000000000000000000000000000001000000000000000000,0.08734367635621983,2345.7000365096596
101000010000000000000000000000000000000001000000000000000000,0.08913047937982914,1993.471163354795
100000010000000000000000000000000000000011000000000000000000,0.124602358921875,1086.1878971410015
100000010000000000000100000000000000000011000000000000000000,0.124602358921875,1946.9539038195821
100000010000000000000010000000000000000011000000000000000000,0.127554739396875,1710.3679726589132
100000010000010000000000000000000000000011000000000000000000,0.124602358921875,1253.2267446622402
100000110000000000000000000000000000000011000000000000000000,0.147316658921875,1262.1256271735504
100000010000000000000000001000000000000011000000000000000000,0.124602358921875,1727.2820628387817
000000010000000000000000000000000000000011000000000000000000,0.10135885883437501,746.3720345037746
100000010000000000000000000000000000000011000000000000000000,0.124602358921875,1086.1878971410015
000000000000000000000000000000000000000011000000000000000000,0.07591210883437499,477.6670234435528
000000010000000000000000000000000000000011000000000000000000,0.10135885883437501,746.3720345037746
100000010000000000000000000000000000000011000000000000000000,0.124602358921875,1086.1878971410015
100000110000000000000000000000000000000011000000000000000000,0.147316658921875,1262.1256271735504
100000110000000000000001000000000000000011000000000000000000,0.16619084859898225,2264.4535195313288
100000110000000000000000000000000010000011000000000000000000,0.163256391421875,1860.1910820953692
100000110000000000000100000000000000000011000000000000000000,0.147316658921875,2122.8916338521312
100000110000000000000000100000000000000011000000000000000000,0.14784449999687502,1637.2168656136605
100000110000000000000100000000000000000011000000000000000000,0.147316658921875,2122.8916338521312
100000110000000000000000000000000000000001000000000000000000,0.1289826782125,1155.7246361971752
100000110100000000000000000000000000000011000000000000000000,0.09052636812678225,2603.928948162669
100000010000000000000000000000000000000011000000000000000000,0.124602358921875,1086.1878971410015
100000110000000000000000000000000000000011000000000000001000,0.148356816334375,1945.4953828020707
100000110000000000000000000000000000000011001000000000000000,0.148860478834375,1835.338466521524
100000110000000000000000000000000010000011000000000000000000,0.163256391421875,1860.1910820953692
100000110000000000000000000000000010000011000000000000010000,0.163256391421875,2128.896093155591
100000110000000000000000000000000010000001000000000000000000,0.1459363595625,1753.790091118994
100000110000000000000000000000000010100011000000000000000000,0.16428789499687502,2148.434209318327
100000110000000000000000000000010010000011000000000000000000,0.16195919565124736,2654.6242474048386
100000110010000000000000000000000010000011000000000000000000,0.1418210750096312,3455.556401034898
100000110000000000000000000010000010000011000000000000000000,0.163256391421875,1988.033111611434
100000110000000000100000000000000010000011000000000000000000,0.163256391421875,2118.696454591451
100000110000100000000000000000000010000011000000000000000000,0.16378423249687502,2287.929102974706
100000110000000000000000000000000010000010000000000000000000,0.10567826329687499,1593.992709662346
100010110000000000000000000000000010000011000000000000000000,0.17419756840185424,2838.998989943741
100000110000000000000000000000000010100011000000000000000000,0.16428789499687502,2148.434209318327
100000110000000000000100000000000010000011000000000000000000,0.163256391421875,2720.95708877395
100000110000000000000000000001000010000011000000000000000000,0.16457594934329897,2844.1543761662306
100000110000000001000000000000000010000011000000000000000000,0.164828891421875,2194.9651871703527
100000110000000000000000000000000010000011000000000000001000,0.164296548834375,2543.5608377238896
100000110000000000000001000000000010000011000000000000000000,0.18213058109898225,2862.5189744531476
100010110000000000000000000000000010000011000000000000000000,0.17419756840185424,2838.998989943741
100010110000000000000010000000000010000011000000000000000000,0.17862607022685423,3407.3905699289853
101010110000000000000000000000000010000011000000000000000000,0.13415121226621252,3323.7043869106656
100010110000000000000000000000000010000011001000000000000000,0.1765752923341807,3412.211829291715
100010110000000000000000010000000010000011000000000000000000,0.17419756840185424,2912.5607391006315
100010110000000000000000000000000010000011000000000000001000,0.1760716298341807,3522.368745572261
100010110000000000000000000000000010000011001000000000000000,0.1765752923341807,3412.211829291715
100010110000000000000001000000000010000011000000000000000000,0.19307175807896146,3841.3268823015196
100010111000000000000001000000000010000011000000000000000000,0.1706800062353557,4972.176283167763
100010110000000000000001000000000010100011000000000000000000,0.19824487892107656,4129.5700095244765
100010110000000000000001000000000010000010000000000000000000,0.14445264713053418,3575.1285098684957
100010110000000000000101000000000010000011000000000000000000,0.17741766847065604,4533.681886691229
100010010000000000000001000000000010000011000000000000000000,0.18886206918960727,2883.3722577363865
100010110010000000000001000000000010000011000000000000000000,0.1646975993021852,4831.701589198908
100010110000000000000001010000000010000011000000000000000000,0.19307175807896146,3914.8886314584097
100010110000000000000001000000001010000011000000000000000000,0.19373402622746277,5376.197315486796
100010110000000100000001000000000010000011000000000000000000,0.18028608610921532,4102.01976159701
100010110000000000000001000000000010100011000000000000000000,0.19824487892107656,4129.5700095244765
