config,science,cost
000000000000000000000000000000000000100000000000000000000000,0.021025948837500003,412.71697524122806
000000000000000000000000000000000000000000000000100000000000,0.0314321988375,431.63363893128997
000000000000000000000000100000000000000000000000100000000000,0.0327478624125,806.8212411837891
000000000000000000000000000000000000000000000000100100000000,0.06428298736535941,1047.4021947284205
000000000000000000000000000000000000100000000000000000000000,0.021025948837500003,412.71697524122806
000000000000000000000000000100000000100000000000000000000000,0.021025948837500003,852.8540475463453
000000000000000000000000000000000000100000000000000000000100,0.024711898362620447,1278.566650112213
000000000000000000000000100000000000000000000000000000000000,0.021025948837500003,412.61622373455975
000000000000000001000000100000000000000000000000000000000000,0.0751700144625,776.5755031616178
000000000000000000000000100100000000000000000000000000000000,0.009211562736860152,1012.4898538862046
000000000000000000000000101000000000000000000000000000000000,0.014828369283726101,1204.4114478547067
000000000000000000000000100000000000000000000000000010000000,0.021594270712500002,666.3364705828221
000000000000000000000000100000000001000000000000000000000000,0.03783513597875632,1588.1020098005288
000000000000000000000000100000000000010000000000000000000000,0.05321386701250001,577.0082078134757
000000000000000000000000100000000010000000000000000000000000,0.0360113765375,935.9375187365556
000000001000000000000000100000000000000000000000000000000000,0.023618580000000004,1095.98597936308
000000000000000001000000100000000000000000000000000000000000,0.0751700144625,776.5755031616178
000000000000000001000000100000001000000000000000000000000000,0.079169203125,1369.055284407989
000100000000000001000000100000000000000000000000000000000000,0.11875673845234067,1224.983866527208
000000000000000001000000100010000000000000000000010000000000,0.08759679758750001,1066.6503180256882
000000000000000001000000100000000000000000000000010000000000,0.08759679758750001,943.8819294558739
000000001000000001000000100000000000000000000000010000000000,0.090385733075,1627.2516850843945
000000000000000001000100100000000000010000000000000000000000,0.06282185213411401,1917.0911805509652
000000000000000001000000100000000000010000000000000000000000,0.10735793263750001,940.8714885661124
000000000000000001000000110000000000000000000000000000000000,0.0751700144625,835.8409653002193
000000000000000001000000110010000000000000000000000000000000,0.0751700144625,958.7597714265576
000000000000010001000000100000000000000000000000000000000000,0.0751700144625,840.473361502301
000000000000010001000000100000000000000000000100000000000000,0.07894562241289084,1634.7093753784243
010000000000000001000000100000000000000000000000000000000000,0.08759679758750001,943.8819294558739
010000100000000001000000100000000000000000000000000000000000,0.11420157133750002,1109.1924368043178
000000000000000001000000100000000000000000000000000000000000,0.0751700144625,776.5755031616178
000000000000000001000000100000000000010000000000000000000000,0.10735793263750001,940.8714885661124
001000000000000001000000100000000000010000000000000000000000,0.11433772854228591,1610.0828530647432
001000000000000001000000100000000000010000000000000000000000,0.11433772854228591,1610.0828530647432
000000000000000001000000100000000000010000000000100000000000,0.11829202371250001,1334.9028634055935
000000000000000001000000110000000000010000000000000000000000,0.10735793263750001,1000.1369507047139
000100000000000001000000100000000000010000000000000000000000,0.1509446566273407,1389.6384918670458
000100000000000001000000100000100000010000000000000000000000,0.1509446566273407,1543.0256408879904
000100000000100001000000100000000000010000000000000000000000,0.15197616020234067,1689.560597099426
000100000000000001000000100000000000010000000010000000000000,0.16393200865234067,1896.778235990198
000100000000000001000000100000000000010000000000001000000000,0.15792445253212656,2058.491216430333
000100000000000001000000100000000000011000000000000000000000,0.17440910986972247,1985.1725110897428
000100000000000001000000101000000000010000000000000000000000,0.1437005220433463,2181.0750760518495
000100000000000001000000100000000000010000000000000000000000,0.1509446566273407,1389.6384918670458
000100000000001001000000100000000000010000000000000000000000,0.13071071174188517,2171.0171232693674
001100000000000001000000100000000000010000000000000000000000,0.13892114503541503,1866.367714715796
000000000000000001000000100000000000010000000000000000000000,0.10735793263750001,940.8714885661124
000100000000000001000000100000000000010000000000000000000000,0.1509446566273407,1389.6384918670458
000100000000000001000000100000000000010000000000000100000000,0.15918320532514063,1838.1070614682872
000100000000000001000000100000000000010100000000000000000000,0.14110067680701172,1776.5583277413389
000100000000000001000000100100000000010000000000000000000000,0.13759857753511268,1989.1534820833472
000100000000000101000000100000000000010000000000000000000000,0.12073170370749828,1940.9450381019153
000100000100000101000000100000000000010000000000000000000000,0.08944538840134196,2606.6282477874915
000100000000000001000000100000000000010000000000000000000000,0.1509446566273407,1389.6384918670458
000101000000000001000000100000000000010000000000000000000000,0.14654991592869526,1861.3709963279093
000100000000000101000000100000000000010000000000000000000000,0.12073170370749828,1940.9450381019153
000100000000000001000000100000000000010000000000000000000000,0.1509446566273407,1389.6384918670458
000100000000000001000000100100000000010000000000000000000000,0.13759857753511268,1989.1534820833472
000100000100000001000000100100000000010000000000000000000000,0.10957853195613573,2654.8366917689236
000100000000000001000000100110000000010000000000000000000000,0.13658921952817166,2179.7541113653742
000100000000000001000000100000000000010000000000000000000000,0.1509446566273407,1389.6384918670458
000100010000000001000000100000000000010000000000000000000000,0.1467536106966474,1706.9153044123398
000100000000000001000000100000000000010000000000000010000000,0.1515129785023407,1643.000098779965
000100000000000001000000100010000000010000000000000010000000,0.1515129785023407,1765.7684873497788
000100000000000001000000100000000000010010000000000000000000,0.16927863733671566,1496.1669076991814
000100000000000001000000100000000000010010010000000000000000,0.19027267228998332,1653.6523552240533
000100000000000001000000100000000000010000000000000000000000,0.1509446566273407,1389.6384918670458
000100000000000001000000100010000000010000000000000000000000,0.1509446566273407,1512.0482405015166
001100000000000001000000100010000000010000000000000000000000,0.13892114503541503,1989.13610328561
000100000000000011000000100000000000010000000000000000000000,0.1509446566273407,1548.6945372154464
000100000000001011000000100000000000010000000000000000000000,0.12672272937587242,2471.7339035520044
000100000000000001000000100000000000010000000000000000000000,0.1509446566273407,1389.6384918670458
000110000000000001000000100000000000010000000000000000000000,0.14678785255914656,1662.5098878076078
000110000000000001000000100000000000010000000100000000000000,0.13011795232384754,2411.734064643754
000100000000000001000000100000000000010000000000000000000000,0.1509446566273407,1389.6384918670458
000100000000000011000000100000000000010000000000000000000000,0.1509446566273407,1548.6945372154464
000100000000000001000000100010000000010000000000000000000000,0.1509446566273407,1512.0482405015166
000100000000000001000000100010000000010100000000000000000000,0.14110067680701172,1899.3267163111532
000100000000000001000000100000000000010000000000000000000000,0.1509446566273407,1389.6384918670458
000100000000000001000000100000000000010010000000000000000000,0.16927863733671566,1496.1669076991814
000101000000000001000000100000000000010010000000000000000000,0.16488389663807024,1968.258052095388
000100010000000001000000100000000000010010000000000000000000,0.16508759140602242,1813.802360179819
000100000000000001000000100000000001010010000000000000000000,0.16923336093183625,2671.6526937651506
000100000000000001000000100000000000010010010000000000000000,0.19027267228998332,1653.6523552240533
000100000000000001000010100000000000010010010000000000000000,0.1932250527649833,2189.206547713089
000100000000000001000000100000000000010010010000000000100000,0.20162982228998333,1912.8763818352481
000100000000000001000000100100000000010010010000000000100000,0.1902450902881742,2512.7500119868932
000100000000100001000000100000000000010010010000000000100000,0.20266132586498334,2213.1571270029717
000100000000000001000000100000000000010010010000000000000000,0.19027267228998332,1653.6523552240533
000100000000000001000000100000000000010010110000000000000000,0.19436850620748625,2290.664963903572
000100000000000001000000100000000000010000110000000000000000,0.1946529915806083,1704.694590576592
000100000000000001000000100000000000010010010000000000000000,0.19027267228998332,1653.6523552240533
000100000000000001000000100000100000010010010000000000000000,0.19027267228998332,1807.3981441803408
000100000000000001100000100000000000010010010000000000000000,0.19027267228998332,1813.7724101132799
000100000000000001100000100000000000010010010000000000001000,0.1913128297024833,2497.1421657418005
