config,science,cost
000000000100000000000000000000000000000000000000000000000000,0.05068408969741005,448.4685696012415
000000000100000000000010000000000000000000000000000000000000,0.05182073344741005,702.1286102138524
000000000100010000000010000000000000000000000000000000000000,0.07079581772567771,893.9959784147264
000000000100010000000010000000000000000000000000100000010000,0.1274676889756777,1203.5734900979091
000000000100010000000010000000000000000000000000100000010010,0.1750949408506777,1313.9837337808453
000000000100010000000010000000000000000000000000100000010011,0.21998580599495576,2150.819336148367
000000000100010000000010000000000000000000000000100000010010,0.1750949408506777,1313.9837337808453
000000000100010000000010000000000000000000000000100000010011,0.21998580599495576,2150.819336148367
000000000100010000000010100000100000000000000000100000010011,0.24024710358245577,2738.0446533458044
000000000100010000000010100000100001000000000000100000010010,0.244941795014169,2196.0000457433193
000000000100010000000010100000100001000000000000100000010010,0.244941795014169,2196.0000457433193
000000000100000000000010100000100001000000000000100000010010,0.22885218266090135,2004.1326775424454
000000000100010000000010100000100001000000000001100000010010,0.247033220014169,2537.8382325438747
000000000100010000000010100000100001000000000000000000010000,0.17226224313916896,1940.308275781695
000000000100010000000010000000100001000000000000100000010010,0.244941795014169,2015.7487436700767
000000000100010000000010100000100001000000000000100000010010,0.244941795014169,2196.0000457433193
000000000100010000000010000000100001000000000000100000010010,0.244941795014169,2015.7487436700767
000000000100010000000010010000100001000000000000100000010010,0.244941795014169,2207.5929706982447
000000000100010000000010000000100001000000000000100000010010,0.244941795014169,2015.7487436700767
000000000100010000000010000000100001000000000000100000010000,0.197314543139169,1905.3384999871405
000000000100010000000010000000100001000000000000100000010010,0.244941795014169,2015.7487436700767
000000000100010000000010000000100001000000000000100000010011,0.24462968376538005,2799.2808017822576
000000000100010000000010100000100001000000000000100000010011,0.24462968376538005,2979.5321038555003
000000000100010000000010000000100001000000000000100000010010,0.244941795014169,2015.7487436700767
000000000100010000000010000000101001000000000000100000010010,0.21575883144409658,3076.7814311714
000000000100010000000010000000100001000000000000100000010010,0.244941795014169,2015.7487436700767
010000000100010000000010000000100001000000000000100000010010,0.23873379415437557,2333.384196150714
000000000100010000000010000000100001000000000000100000010010,0.244941795014169,2015.7487436700767
000000000100010000000001000000100010000000000000100000010010,0.214511880098544,2006.2798776714535
000000000100010000000010000000100001000000000000100000010010,0.244941795014169,2015.7487436700767
000000000101010000000010000000100001000000000000100000010010,0.2413507326072798,2487.8398880662835
000000000100010000000010000000100001000000000000100000010010,0.244941795014169,2015.7487436700767
100000000100010000000010000000100001000000000000100000010010,0.23829992661650629,2314.944883731269
000000000100110000000010000000100001000000000000100000010010,0.23583769786956227,2672.6722463514334
000000000100010000000010100000100001000000000000100000010010,0.244941795014169,2196.0000457433193
000000000100010000000010010000100001000000000000100000010010,0.244941795014169,2207.5929706982447
000000000100010000000010000000101001000000000000100000010010,0.21575883144409658,3076.7814311714
000000000100010000001010000000100001000000000000100000010010,0.22110749446361894,2865.309236787497
000000001100010000000010000000100001000000000000100000010010,0.2337318642558326,2492.83660645417
000000000100010000000010000000100001000000000000100000011010,0.23543749903122013,2817.9178555728654
000000000100010000000010000000100001000000000000100000010010,0.244941795014169,2015.7487436700767
000000000100010000000010000010100001000000000000100000010010,0.24400596408679176,3587.388636422168
000000000100010010000010000000100001000000000000100000010010,0.22735778144675392,3369.5594484226112
000010000100010000000010000000100001000000000000100000010010,0.23691195173583512,2962.298740862254
000000000100010000000010000000100001000000000000100010010010,0.2419455108697814,3282.9472635932348
000000000100010000000010000000100001000010000000100000010010,0.25691519818916897,2613.8141985918955
000000000100010000000010000000100001100000000000100000010010,0.244941795014169,2266.5482351788546
000000000100010000000010000000100001000010000000100000010010,0.25691519818916897,2613.8141985918955
000000000100010000000010000000100001000001000000100000010010,0.25682734572465127,3033.7811694584007
000000000100010000000010000000100001000000000001100000010010,0.247033220014169,2357.586930470632
000000000100010000000010000000100001000001000001100000010010,0.2571309560618923,3445.232778017026
000000000100010000000010000000100001000001000000100000010010,0.25682734572465127,3033.7811694584007
000000000100010000000010000000100001000011000000100000010010,0.2616500640346514,3930.809468224502
000000000100010000000010000001100001000010000000100000010010,0.22626642718136275,4035.3368392752973
000001000100010000000010000000100001000010000000100000010010,0.24259156669848703,3436.7246850090596
000000000100010000000010000000100001000010000000100000010010,0.25691519818916897,2613.8141985918955
000000010100010000000010000000100001000010000000100000010010,0.2602394980034873,2733.0775678921354
000000000100010000010010000000100001000010000000100000010010,0.260738454439169,2680.200875732807
000000000100010000000010000000110001000010000000100000010010,0.25691519818916897,2680.007925849073
000000000100010000000010000000100001000010000000100000010010,0.25691519818916897,2613.8141985918955
000000000100010000000010000000100001000010000000100000010010,0.25691519818916897,2613.8141985918955
000000000100010000000010000000100001000010010000100000010010,0.25691519818916897,2687.3759477487856
000000010100010000000010000000100001000010000000100000010010,0.2602394980034873,2733.0775678921354
000000000101010000000010000000100001000010000000100000010010,0.2533241357822798,3085.9053429881023
000000000100010000000010000000100001000010000000100000010010,0.25691519818916897,2613.8141985918955
000000001100010000000010000000100001000010000000100000010010,0.2457052674308326,3090.902061375989
000000010100010000000010000000100001000010000000100000010010,0.2602394980034873,2733.0775678921354
000000010100010000000010000000100001100010000000100000010010,0.25956529449232224,3511.455126360508
000000010100010000000010100000100001000010000000100000010010,0.2602394980034873,2913.328869965378
000000010100010000000010000000100001010010000000100000010010,0.25894230223285963,3527.5107332016046
000000010100010000000001000000100001000010000000100000010010,0.23288513491286228,2825.3807108121355
000000010100100000000010000000100001000010000000100000010010,0.2440741188476389,2721.859727227478
000000010001010000000010000000100001000010000000100000010010,0.2335358488875,2595.706705369554
000000010100010000000010000000100001000010000000100000010010,0.2602394980034873,2733.0775678921354
000000010100010000000010000000100001000010000000010000010010,0.2375251980034873,2741.7583012228615
000000010100010000000010000000100001000010000000100000010010,0.2602394980034873,2733.0775678921354
000000010100010000000010000000100001000001000000100000010010,0.260297901854399,3153.04453875864
000000010100010000000010000000100001001000000000100000010010,0.2493062522409873,2803.9976901885007
000000010100010000000010000000100001001010000000100000010010,0.26345190822244346,4267.948001077412
000000010100010000000010000000100001000010000000100000010010,0.2602394980034873,2733.0775678921354
000000010100010000000010001000100001000010000000100000010010,0.2634740354159873,3346.5222482110457
000000010100011000000010000000100001000010000000100000010010,0.25349627526151614,4187.518955973878
001000010100010000000010000000100001000010000000100000010010,0.25468526986829526,3797.552337688562
000000010100010000000010000000100001000010000000100000010010,0.2602394980034873,2733.0775678921354
000000010100010000000010000000100001000010100000100000010010,0.26076733907848726,3034.147095245428
000000010100010000100010000000100001000010000000100000010010,0.2637495415784873,3092.8018398562353
000000110100010000000010000000100001000010000000100000010010,0.26013652135921234,3339.91121220715
001000010100010000000010000000100001000010000000100000010010,0.25468526986829526,3797.552337688562
000000010100010000000010001000100001000010000000100000010010,0.2634740354159873,3346.5222482110457
000000010100011000000010000000100001000010000000100000010010,0.25349627526151614,4187.518955973878
000000010100010000000010000000100001000010000000001000010010,0.23856535541598728,3167.6657369141813
000000010100010000000010000000100001000010000000101000010010,0.25665703348951946,4125.4632576392105
000000010100010000000010000000100001000010000000101000000010,0.2301324347277083,4018.225778496909
000000010100010000000010000000100001000010000000101000010000,0.21663460604098728,3196.593429546273
000000010100010000000010000000100001000010000000100000010010,0.2602394980034873,2733.0775678921354
