config,science,cost
000000000000000000000000000000000000000000000000000000001000,0.0022939537500000005,683.3697556285204
000000000000000000000000000000000000100000000000000000001000,0.023618580000000004,1096.0867308697484
000000000000000000000000000000000000000000000000000000000000,0.0,0.0
000001000000000000000000000000000000000000000000000000001000,0.056438019374999995,1049.3051935502408
000100000000000000000000000000000000000000000000000000001000,0.049216267006621,1131.7781189941104
000000000000000000010000000000000000000000000000000000001000,0.0022939537500000005,951.2210256195274
000000000000000000000010000000000000000000000000000000001000,0.0022939537500000005,1307.549831146432
000000000000000000000000000000001000000000000000000000001000,0.004657421250000001,1284.8471149205088
000000000100000000000000000000000000000000000000000000001000,0.004326852583087927,1549.2194304995055
000000000000000000000000000000000010000000000000000000001000,0.017279381450000002,1281.4352105503394
000000000000000000000000000000000000000000000000000000011000,0.026211401250000002,874.6011011567668
000000000001000000000000000000000000000000000000000000001000,0.03304560816677513,1692.674302310537
000000000000000000000000000000000010000000000000000000001000,0.017279381450000002,1281.4352105503394
000000000000000000000000000000000000000000000100000000001000,0.006069561700390824,1477.6057695046436
000000000000000000000010000000000000000000000000000000001000,0.0022939537500000005,1307.549831146432
000000000000000000000000000000000000000000000000000000001010,0.005117851017133283,2238.7914652207546
000000000000000000100000000000000000000000000000000000001000,0.0022939537500000005,941.875128124602
000000000000000000000000000000000000000000000000000000000000,0.0,0.0
000000001000000000000000000000000000000000000000000000000000,0.0022939537500000005,683.3697556285204
000000001000000000000000000000000000100000000000000000000000,0.023618580000000004,1096.0867308697484
000000001000000000001000000000000000000000000000000000000000,0.004657421250000001,1361.39004682322
000000001000000000000000001000000000000000000000000000000000,0.0022939537500000005,1324.4639213263004
000000001000000000000000000000000000000000000000000000010000,0.026211401250000002,952.0747666887421
000000001000000000000000000000000000000000000000000000001000,0.004657421250000001,1366.7395112570407
000000001000000000000000000000000000001000000000000000000000,0.04030877405135316,1324.5269214489617
000000001000000000000000100000000000000000000000000000000000,0.023618580000000004,1095.98597936308
000000001000000000000000000000000000000000000000100000000000,0.034024830000000006,1114.9261157624514
000000001000000100000000000000000000000000000000000000000000,0.0022939537500000005,1131.0451738380732
000000001000000000000000000000000000000000100000000000000000,0.01675605125,934.1890648712919
000000001000000000000000100000000000000000000000000000000000,0.023618580000000004,1095.98597936308
000000001000000000000000000001000000000000000000000000000000,0.059872081875,1054.5832987531444
000000001000000000000100000000000000000000000000000000000000,0.0022939537500000005,1544.1357623071012
000000001000000000000000000000000000000100000000000000000000,0.04879652696807113,1123.363396900801
000000001000000000000000000000000000000000000000000000001000,0.004657421250000001,1366.7395112570407
000000001000000000000000000000000000000010000000000000000000,0.020627934459375004,894.8384066390497
000000001100000000000000000000000000000000000000000000000000,0.0023054660331065257,1934.9529816091017
000100001000000000000000000000000000000000000000000000000000,0.040987539903427364,1511.3924329034994
000000001100000000000000000000000000000000000000000000000000,0.0023054660331065257,1934.9529816091017
001000001000000000000000000000000000000000000000000000000000,0.007496602603475985,1727.7935867218716
000000001000000000000000000000000000000000000000000000001000,0.004657421250000001,1366.7395112570407
000000001000000010000000000000000000000000000000000000000000,0.0022939537500000005,933.6530338034329
000000000000000000000000000001000000000000000000000000000000,0.057578128125,371.2135431246241
000000001000000000000000000001000000000000000000000000000000,0.059872081875,1054.5832987531444
000000001000000000001000000001000000000000000000000000000000,0.062235549375,1732.603589947844
000001001000000000000000000001000000000000000000000000000000,0.062467169375,1301.8039780211202
000000001000000000000000000001000000000010000000000000000000,0.078206062584375,1266.0519497636737
000000001000000000000000000001000000000000100000000000000000,0.074334179375,1305.4026079959158
000000001000000000000010000001000000000000000000000000000000,0.059872081875,1678.7633742710564
000000001000000000000000000001000000000000000000000000000100,0.06355803140012044,1920.4329736241293
000100001000000000000000000001000000000000000000000000000000,0.09211224344937714,1882.6059760281232
000000001000000000000000000001000000000000000000010000000000,0.072298865,1221.8897250474006
000000001000000000000000000001000000000010000000000000000000,0.078206062584375,1266.0519497636737
000000001000000000000000000001000100000010000000000000000000,0.030421261708360556,2168.5443715322135
000000001000000000000000001001000000000010000000000000000000,0.05392524710592588,1997.8998382537507
000000001000000000000000000001000000000110000000000000000000,0.10224300551827324,1674.538502464433
000000001000000000000000000001000000000010000000000000000100,0.08287613893449544,2131.9016246346587
000000001000000000000000000001000000000010000000000000100000,0.09266816008437499,1525.275976374869
000000001000000000000000000001000000000010000000000100000000,0.12039391823277634,1714.4603131292638
000000001000000100000000000001000000000010000000000000000000,0.078206062584375,1713.7273679732266
000001001000000000000000000001000000000010000000000000000000,0.080801150084375,1513.2726290316496
000000001000000000000000000000000000000110000000000000000000,0.052499177939214846,1303.3249593398089
000000001000000000000000000001000000000110000000000000000000,0.10224300551827324,1674.538502464433
000000001000000000000000000001010000000110000000000000000000,0.10224300551827324,1824.3798599841248
000000001001000000000000000001000000000110000000000000000000,0.11507688768789698,3079.3884578278085
000000001000000000000000000101000000000110000000000000000000,0.07071232445100988,2217.695293833905
000000001000000000000000000001000000000110000100000000000000,0.07616458562864023,2275.7992454619925
000000001000000000000000000001000000000110000000001000000000,0.11038209678327113,2343.749866963064
000000001000000000000000000001000000000010000000000000000000,0.078206062584375,1266.0519497636737
000000001000000000000000000001000000000010000000000100000000,0.12039391823277634,1714.4603131292638
000000001000000000000000000001000000000010001000000100000000,0.12275738573277635,2231.408460138772
000000001000000000100000000001000000000010000000000100000000,0.12039391823277634,1972.9656856253455
000000001000000000000000000001000000000010001000000100000000,0.12275738573277635,2231.408460138772
000000001000000000000000000001000000000010000000000100000100,0.09249830803457296,2380.1435228148403
000000001000000000000000000001000000000010100000000100000000,0.13485601573277636,1863.9544885734213
000000001000000000000000000001000000000110100000000100000000,0.125221800373018,2410.4669009347563
000000001000000000000000000001000000000010100000000100000010,0.12428947872874074,2810.5044857655985
000000001000000000000001000001000000000010100000000100000000,0.15422104441208712,2866.2823809311994
000000001000000000000000001001000000000010100000000100000000,0.11348598425590356,2595.8023770634977
000000001000000000000000000001010000000010100000000100000000,0.13485601573277636,2013.7958460931127
000000001000000000000000000001000000000010100000000100000010,0.12428947872874074,2810.5044857655985
000000001000000000000000000001000000000010100000000100010000,0.12797762958847092,2181.5899410540587
000000001000000000100000000001000000000010100000000100010000,0.12797762958847092,2440.0953135501404
000000001000000000000100000001000000000010100000000100010000,0.12797762958847092,3042.3559477326394
000000001000000000000000000001000000000010100000000100000000,0.13485601573277636,1863.9544885734213
000000001000000000010000000001000000000010100000000100000000,0.13485601573277636,2131.8057585644283
000000001000000000010000000001000010000010100000000100000000,0.1465970671546975,3342.6209644324845
000000001000000000010000001001000000000010100000000100000000,0.11348598425590356,2863.6536470545047
000000001000000000010000000001000000000010100100000100000000,0.11778179242645824,3045.6438981137053
000000001000000000000000000001000000000010100000000100000000,0.13485601573277636,1863.9544885734213
000000001000000000000000000001010000000010100000000100000000,0.13485601573277636,2013.7958460931127
000000001000000000000010000001010000000010100000000100000000,0.13584014255777635,2637.975921611024
000000001000000000000000000001010000100010100000000100000000,0.16973217198277632,2332.398588435235
000000001000000000000000000001010000000010100000000100010000,0.12797762958847092,2331.4312985737506
000000001000000000000000000001010000000010101000000100000000,0.14485054294854785,3235.6427793106805
000000001000000001000000000001010000000010100000000100000000,0.13642851573277634,2348.651881919437
