config,science,cost
000000000000000000000000000000000000000000000000100000000000,0.0314321988375,431.63363893128997
000000000000000000000000100000000000000000000000100000000000,0.0327478624125,806.8212411837891
000000000000000000000000000000000000000000000001100000000000,0.05976520140535611,1449.7716696358002
000000000000001000000000000000000000000000000000100000000000,0.0314321988375,1098.4267363789863
000000000000000000000000000000000000000001000000100000000000,0.08901032696250001,802.8223926011085
000000000000000000001000000000000000000000000000100000000000,0.034024830000000006,1109.5766513286308
000000000000000000000000000000000000001000000000100000000000,0.06944701913885316,1072.7135259543722
000000000000000000000000000000000000000001000000100000000000,0.08901032696250001,802.8223926011085
000000000000000000000000000000000000000000000001100000000000,0.05976520140535611,1449.7716696358002
000000000000010000000000000000000000000000000000100000000000,0.0314321988375,598.669400764911
000000000000000000000000000000000000000000000000100010000000,0.03200052071250001,608.8216651037712
000000000000000000000000000000001000000000000000100000000000,0.034024830000000006,1100.5419373521152
000000000000000000000000001000000000000000000000100000000000,0.0314321988375,1072.650525831711
000000000000000000000000000000000000000000000000100000010000,0.059096500087500003,608.5208736974487
000000000001000000000000000000000000000000000000100000000000,0.0557599200919083,1440.8609068159476
000000000000000000000000010000000000000000000000100000000000,0.0314321988375,595.9218945818515
000000000000000000000000000001000000000000000000100000000000,0.08901032696250001,802.7699032585551
000000000000000000000000000000000000000001000000000000000000,0.057578128125,371.2660324671776
000000000000000000000000000000000000000001000000100000000000,0.08901032696250001,802.8223926011085
000000000000000000000000000000000000000001000000100000000001,0.0967204942610717,2026.4864809989765
000000000000000000000000000000000000000101000000100000000000,0.08994757547162335,1346.0552929354558
000000000100000000000000000000000000000001000000100000000000,0.09104322579558793,1668.6720674720937
001000000000000000000000000000000000000001000000100000000000,0.09509394709267778,1472.0337570997397
000000000000000000000000000000100000000001000000100000000000,0.08901032696250001,1053.6218841098867
000000000000000000000000000100000000000001000000100000000000,0.08901032696250001,1242.795438068136
000000000000000000000000000000100000000001000000100000000000,0.08901032696250001,1053.6218841098867
000000000000000010000000000000100000000001000000100000000000,0.08901032696250001,1303.9051622847992
000000000000000000000000000000100000000001000000100000000010,0.08901032696250001,1614.1011064951654
000000000000000000000000000000100000000001000000100000001000,0.09300951562500001,1664.5283054085685
000000000000000100000000000000100000000001000000100000000000,0.08901032696250001,1501.2973023194395
000000000000000000000000000000100000000001000000101000000000,0.08664047302717509,1908.4808035777492
000000000000000000000010000000100000000001000000100000000000,0.08901032696250001,1677.8019596277986
000000000000000000000000000000100100000001000000100000000000,0.08901032696250001,1871.3216074522854
000000000000000000000000000000000100000001000000100000000000,0.08901032696250001,1596.9231338169698
000000000000000000000000000000000100000001000001100000000000,0.07354211447113648,2708.2336143058087
000000000000000000000000000000000100000001000000110000000000,0.10143711008750002,1663.2446692937763
000000000000000000000000000000000100000001000000100000010000,0.11667462821249999,1773.8876473804876
000000000000000000000000000100000100000001000000100000000000,0.08901032696250001,1839.0715250121082
000000000000000000000000000000000000000001000000100000000000,0.08901032696250001,802.8223926011085
000000000000000000000000000000000010000001000000100000000000,0.10399575466250002,1400.8878475229276
001000000000000000000000000000000010000001000000100000000000,0.11007937479267778,2070.0992120215583
000000000000000000000000000000000010000001010000100000000000,0.13114976956250002,1550.7633529219097
000000000000001000000000000000000010000001000000100000000000,0.10399575466250002,2067.7582237679826
000000000100000000000000000000000010000001000000100000000000,0.10602865349558793,2266.7375223939125
000000000100000000000000000000000010000001000000100000000000,0.10602865349558793,2266.7375223939125
010000000000000000000000000000000010000001000000100000000000,0.11740666461250002,1568.1942738171838
000000000000000000000000000000000000000001000000100000000000,0.08901032696250001,802.8223926011085
000000000000000000000000000000000010000001000000100000000000,0.10399575466250002,1400.8878475229276
000000000000000000000000000000000010000000010000100000000000,0.0730679789375,1288.3160920286646
000000000000000000000000000000000010000001010000100000000000,0.13114976956250002,1550.7633529219097
000000000000000000000000000000010010000001010000100000000000,0.12948193901628863,2345.196518231379
000000000000000000000000000000000010000001010000100000000001,0.13924643824784513,2774.4274413197772
000000000000000000000000000000000010001001010000100000000000,0.11003630114440278,2422.1536161384756
100000000000000000000000000000000010000001010000100000000000,0.1316776106375,1982.3197130558406
000000000000000000000001000000000010000001010000100000000000,0.15002395923960726,2553.0912452796883
000000000000000000000000000000000010000001010000110000000000,0.14202407893750002,1617.0848883987164
000000000000000100000000000000000010000001010000110000000000,0.14202407893750002,2064.760306608269
000000000000000000000000000000000000000001010000110000000000,0.1300506757625,1019.0194334768971
000000000000000000000000000000000010000001010000110000000001,0.1439879086855581,2897.4511649275055
000000000000010000000000000000000010000001010000110000000000,0.14202407893750002,1784.123735919955
000000000000000000000000000000000010000001010000111000000000,0.13350711434549453,2527.4684809950268
000000000000000000000000000000000110000001010000111000000000,0.12540520755756807,3636.330566017281
000000000000000000000000000000000010000000010000111000000000,0.07542532372049453,2265.0212201017816
000000000000000000000000000000000010000001010000110000000000,0.14202407893750002,1617.0848883987164
001000000000000000000000000000000010000001010000110000000000,0.1451806185922859,2286.296252897347
001000000000000000000000000000000010000001010000110000000100,0.11779054764260809,3402.0668908784355
001000000000000000000000000000000010010001010000110000000000,0.1691049342172859,2349.38391108
001000000000000000000000010000000010000001010000110000000000,0.1451806185922859,2359.8580020542377
001001000000000000000000000000000010000001010000110000000000,0.14664073566132874,2740.71150810368
001000000000000010000000000000000010000001010000110000000000,0.1451806185922859,2536.5795310722597
001000000000000000000000000000000010000001010100110000000000,0.07988465834925954,3314.221177917527
001000000000000000000000000000000010010001010000110000000000,0.1691049342172859,2349.38391108
000000000000001000000000000000000010000001010000110000000000,0.14202407893750002,2283.9552646437714
000000000000000000000000000000000010000001010000110000000000,0.14202407893750002,1617.0848883987164
000000000000000000000001000000000010000001010000110000000000,0.16089826861460726,2619.4127807564946
000000000000000000000000000001000010000001010000110000000000,0.14379029124823323,2601.0481824695776
000000000000000000000000000000000010010001010000110000000000,0.1659483945625,1680.1725465813688
000000000000000000000000000000000010000001010000110000000100,0.11243069099772225,2732.8555263798053
100000000000000000000000000000000010000001010000110000000100,0.12992702483013857,3164.411886513736
000000000000000000000000000000000010000101010000110000000100,0.08280637023328213,3407.1335831732376
000000000000000000000000000000000010000001010000110000010100,0.112291313972113,3071.597443243243
000000000000000000000000001000000010000001010000110000000100,0.10673731117274349,3682.264917003705
000000000000000000001000000000000010000001010000110000000100,0.11388762796766372,3410.875817574505
000000000000000000000000000000000010001001010000110000000100,0.0909869980656265,3604.245789596371
000000000000000000000000000000000010100001010000110000000100,0.1329092273301386,3014.1441753403365
000000000000000000000000000000000010010001010000110000000000,0.1659483945625,1680.1725465813688
000000000000000000000000000000000010010001010000110000000100,0.14520147416055298,2795.9431845624576
000000000000000000000000000000000010010001011000110000000000,0.14091857175292527,3194.3989403107744
000000000000000000000000000000100010010001010000110000000000,0.16508155762412488,2458.5501050497414
000000000000000000000000000000000010010001010000110000000010,0.1713610232125,2186.866882205486
000000000000000000000000000000000011010001010000110000000000,0.17183463054712733,2997.167816213975
000100000000000000000000000000000010010001010000110000000000,0.19962939033060828,2128.580909946959
001000000000000000000000000000000010010001010000110000000000,0.1691049342172859,2349.38391108
000000000000100000000000000000000010010001010000010000000000,0.1555421445625,1777.339098144224
000000000000100000000000000000000010010001010000010000000000,0.1555421445625,1777.339098144224
