config,science,cost
100000000000000000000000000000000000000000000000000000000000,0.021025948837500003,431.63363893128997
100000000000000000000000000000000000000000001000000000000000,0.023618580000000004,1100.681308528448
100000000000000000000000000000000010000000000000000000000000,0.0360113765375,1029.62181505575
100000000000000100000000000000000000000000000000000000000000,0.021025948837500003,879.3706971066101
100000000000000100000000000000000000000000000000000000000000,0.021025948837500003,879.3706971066101
100000000000000100000000000000000000000000000000010000000000,0.0334527319625,1046.6736389319797
100000000000000100000000000000000000000000000000000010000000,0.021594270712500002,1132.952025191746
100000000000000100000000000000000000001000000000000010000000,0.061893522600458536,1774.1091910121875
100000000000000100000000000000100000001000000000000010000000,0.061893522600458536,2024.9086825209656
100000000000000100000000000001100000001000000000000010000000,0.11947165072545854,2286.784951261085
100000000000000110000000000001100000001000000000000010000000,0.11947165072545854,2552.9681764977004
110000000000000100000000000001100000001000000000000010000000,0.1307809759726051,2353.106486737892
110000000000000100000000000001100000001000000000000010100000,0.1436905997226051,2533.7560142741086
110000000000000100000000000000100000001000000000000010000000,0.0732028478476051,2091.2302179977723
110000000000000000000000000001100000001000000000000010000000,0.1307809759726051,1905.431068528339
110000000000000100000000000001100000001000000000000110000000,0.1675586764718941,2821.024639131125
110000000000000100000000000001100000001000000000000010001000,0.1325857846351051,2972.6239527651146
110000000000000100000000000001100000001000000100000010001000,0.10949343106120885,3557.5242949301496
110000000000000100000010000001100000001000000100000010001000,0.11348958241120885,4492.6083545718275
110000000000000100000010000001100000001000000100000010001001,0.12432898787529095,6058.1375032267015
110000000000000100000010000001100000001000010100000010001001,0.12946430671879466,6347.708624601604
110000000000000100000010000001100000001000010100000010001011,0.1296005757322126,7424.567791346389
100000000000000100000010000001100000001000010100000010001001,0.11771989168414695,6281.387089124797
100000000000000100000010000001100000011000010100000010001001,0.12046412297068722,6387.564605047143
100000000000000100000010000001100100001000010100000010001001,0.0767876888425548,7301.470993136834
100000000000000100000010000001100001001000010100000010001001,0.09027814197725006,7431.291441305206
100000000000000100000010000001100000001000010100000010101001,0.12170561736701757,6597.7458533363915
100000000000000100000010000000100000001000010100000010001001,0.0699321177420977,6019.510820384677
100000000000000100000010000001100000000000010100000010001001,0.11114033434635197,5850.050345821819
100000000000000100001010000001100000001000010100000010001001,0.11865603883984296,7358.278937331459
100000000000000100000010000001100000001000010100000010011001,0.11718561233549832,6621.385472320362
100000000000000100001010000001100000001000010100000010001001,0.11865603883984296,7358.278937331459
100000000000000100000010000001100001001000010100000010001001,0.09027814197725006,7431.291441305206
100000000010000100000010000001100001001000010100000010001001,0.09875960543614083,7991.770663690484
110000000010000100000010000001100001001000010100000010001001,0.11050402047078856,8060.095807938795
110000000010000100000010000001100001001000010100000010101001,0.11464624401484991,8376.45457215039
110000000010000100000010010001100001001000010100000010001001,0.11036246751416498,8166.362960316497
110000000010000100000010000001100001001000010100000010001011,0.11814456691869271,9136.95497468358
110000000010000100000010000001100001001000010100000010000001,0.11495453628393867,6948.830462555628
110000000010000100000010000001100001001000010100000010001001,0.11050402047078856,8060.095807938795
110000000010000100000010000001100001001000010100000010001001,0.11050402047078856,8060.095807938795
110000000010000100000010000001110001001000010100000010001001,0.108085062862985,8333.334750720329
110000000010000100100010000001110001001000010100000010001001,0.108085062862985,8644.899385710383
110001000010000100100010000001110001001000010100000010001001,0.14049676543756956,9959.094339795585
110001000010000100100010001001110001000000010100000010001001,0.13314356361070293,9952.090096750415
110001000010000100100010001001110001001000010100000010001001,0.14049676543756956,10383.426840053393
110001000010000100100010001001110001001010010100000000001001,0.1430622937377976,10221.374933049558
110001000010000100100010001001110001001010010100000010001001,0.14286179604009108,10571.922083588019
110001000010000100100010001001110001001010010100010010001001,0.14772109738542719,10711.966523941228
010001000010100100100010001001110001001010010100010010001001,0.13709968081867824,10690.442781841099
110001000010100100100010001001110001001010010100010010001001,0.14772109738542719,11343.038130029418
110001000010000100100010001001110001001010010100010010001001,0.14772109738542719,10711.966523941228
100001000010000100100010001001110001001010010100010010001001,0.13795487326617545,10587.22359550598
100001000010000100100010001000110001001010010100010010001001,0.13591965505017076,10180.470237533033
100001000010000100100010001000110001001010010100010010001001,0.13591965505017076,10180.470237533033
100001000010000100100010000000110001001010010100010010001001,0.13591965505017076,9753.97278249195
100001000010000100100010001000110001000010010100010010001001,0.13120273540455585,9767.57697444348
100001000010000100100010000000010001001010010100010010001001,0.13605637928121533,9479.66876948061
100001000000000100100010000000010001001010010100010010001001,0.13028628843545673,7886.539529688047
110001000000000100100010000000010001001010010100000010001001,0.1378407107602366,7813.313996580928
110001000000000100100010000000010001001010010100010010001001,0.14310630824299136,7953.358436934139
110001000000000100100010000000010001001010010100010010001001,0.14310630824299136,7953.358436934139
110001000000000100100000000000010001001010010100010010001001,0.1427322621960141,7004.282729510749
110001000000000100000000000000010001001010010100010010001001,0.1427322621960141,6706.709742302405
110000000000000100000000000000010001001010010100010010001001,0.0944346274062548,6429.077403382842
110000000000000100000000000001010001001010010100010010001001,0.10886923046554578,6907.22487025277
110000000000000100000000000001110001001010010100010010001001,0.10707315101934414,7164.307543809702
110000000000000100000000000001110001001000010100000010001001,0.09845902253816055,6835.767859921865
110000000000000100000000000001110001001000010100010010001001,0.10359098256138424,6975.812300275077
110000000000000100000000000001110001001000010100010010001001,0.10359098256138424,6975.812300275077
110000000000000100000000000001110001001000010100010000001001,0.10553151872482361,6607.696733647312
110000000000000100000000000001110001001000010100010010001001,0.10359098256138424,6975.812300275077
110000000000000100000000000001110001001000010100010110001001,0.1089027472265138,7224.450819546646
110000000000000100000000000001110001001000010100000110001000,0.11625233641714727,6310.894280538507
110000000000000100000000000001110001001000010100000110001001,0.10354323883414804,7099.549360768062
110000000000000100000000000001110001001000010100000110000000,0.12208099998968423,5215.068392595232
110000000000000100000000000001110001001000010000000110000000,0.13955581504169307,4629.7421811454105
110000000000000100000000000001110001001000000000000110000000,0.1400930616309513,4340.596929055293
110000000000000100000000000001100001001000000000000110000000,0.14371550898362767,4068.152001726873
110000000000000100000000000001100000001000000000000110000000,0.1675586764718941,2821.024639131125
110000000000000100000000000001100000001000000001000110000000,0.15372064491033594,3629.291235000359
110000000000000100000000000001100000001000010001000110000000,0.1586898500253116,3922.240414614769
110000000000000100000000000001101000001000010001000110000000,0.1562556620277959,5375.414045271681
110000000000000100000000000001100000001000010001000110000000,0.1586898500253116,3922.240414614769
110000000000000100000000000001101000001000010001000110000000,0.1562556620277959,5375.414045271681
110000000000000100000000000001100000001000010001000110000000,0.1586898500253116,3922.240414614769
110000000000000100000000000001100000001000010000000110001000,0.16244455822059609,4205.995779164517
110000000000000100000000000001100000001000010001000110001000,0.1528382580839564,5018.066302558044
110000000000000100000000000001100000001000010000000110001001,0.1540818683887577,5091.0798543563005
110000000000000100000000000001100000001000000000000110001001,0.1519069417609507,4801.934602266184
110000000000000100000000000001100000001000000000000110011001,0.1532153915500019,5126.65351264418
110000000000000100000000000001100000001000000000000110011001,0.1532153915500019,5126.65351264418
110000000000000100000000000001100000001000000000000110011001,0.1532153915500019,5126.65351264418
110000000000000100000000000001100000001000000000000110001000,0.16248734200699833,3916.8505270744004
110000000000000100000000000001100000001000000000000110000000,0.1675586764718941,2821.024639131125
