config,science,cost
111000101001000100000000000000010000000000000000000000000000,0.05417859868555852,4579.170811736978
000000100010000001000010010000100000101000001100000010001000,0.10085483890209512,6246.476179861491
100000000000000100000000000101000000000000000000000000000000,0.025837852701100728,2819.756598229668
000110010010010000001000001001010000100000000000000000000000,0.0588886410044942,5733.859428798138
010001000000010001000000000000000000000000000000000000000001,0.09890046810773445,3045.2657486224953
000000001000010000000000001000100001000000001010000010000110,0.15393609973260158,4617.719220896915
000000000000000000010000000000000001100000000000000000000000,0.06501837499999996,782.3252386980316
000001000000000000010000000000000000000010000000000010010010,0.11410521302772181,2560.0224311766415
010010001000101001100010000000000000000010010001001000110001,0.1756993759719161,8218.31028250966
000000001000010000000000000001000000000000000000000100000000,0.06956311809661542,2734.480281792755
101000001000010000100000001000100001000000001010000010000110,0.16315183038831282,6318.487409395588
010000001100000000000000001000111101010100000000000000000000,0.04963141011854899,5553.6453413372665
001000000100000000000000000001100000000000000000000100000000,0.07771293113499866,3943.9652425751037
000000000000000000010000000000000001101000000000000010010000,0.10642067264999999,2028.2229856218864
000000000000000100010000000000000001100000000000010000000011,0.1078239684405915,2712.7738451312216
000000000000001000000001000000000000000000000010000000000000,0.05694168187500004,1171.343405959392
100000000000000000000110110000100010000001000100010000110001,0.19159266949088805,4834.503610170275
000000000000000000000000000000000000000000000001100000000011,0.09231881619018178,1519.6150765476887
001000000000000000000000000000000000000010000000000010010010,0.07118601128437496,2066.781213828889
001000000000000000000000000000000000000000000101100000000011,0.09352050735861783,2746.141623545681
000000000100000010000111000000000000001001001000010000110001,0.19824249212294098,6007.010398400536
000000001000010000000000001000100001000100000000100000000001,0.1265565707551778,3530.8685170335616
000000001000010000000000001010100001000000000000000010010000,0.14026952130375814,4964.253859020507
000000000000100100000010000000000010000000010000000000010100,0.06591571302198318,2448.0471664069646
000000000000000101010000000000000001100000000000010000000011,0.11072160769521688,3556.6411947302445
101000001000010000100000001000100001000000000000100000000101,0.14855042628430593,5080.281161912762
000000100000000011100000100000000010000000000000000010000000,0.07313470667502464,4045.52699648435
000100000000000000010000000000000000000000000000000000000000,0.01456025890012047,1033.3943590032547
100000000000000001000110110000100010000001000100000010010000,0.1084709877473431,5401.686664870335
000000000010000101010000000000000001100000000100010000110001,0.15493824368746223,4036.9216565309243
001000000000000000010000000000000001100000000000000010010000,0.10642067264999999,2137.2293223216025
000000100000000011000000100000000000001001001010000000000010,0.07725384605292951,5480.937818214567
000000000000000100000000000000010000000000100000000000000000,0.023058847670587967,1445.8395044595636
000000000000000000000110110000100010000001000100010000110000,0.12994093552951036,4310.879988116178
000000000010000101010000000000000010100000000000000000000000,0.01388318448798731,2585.4040346956326
000000000000000000010000000000100001100000000000010000000011,0.13468966620034895,2231.1523333229943
100000000000000000000000100000010000100000000100010000110001,0.15310071081249998,2208.1062176326877
000010000000000000010000000000000001100000000000000010010000,0.10897100062499998,2028.211579361474
000000000010000000100100000010000000000000010000000000000000,0.05838817957947828,2089.590863662928
000000001000010100100000001000100001000000001010000010000110,0.14711400753559833,6178.583809211332
001000000000001000000000000000000001100000000000000000000000,0.058801486874999975,1981.498282192877
000000000100000010000011000000000000001001001000000000010010,0.17305572545379833,5159.038152198917
000010000010000101010000000000000010000001000100010000110001,0.1626409638627334,4953.958027560819
000000000010000101010000010000000001100000000100010000110001,0.15493824368746223,4207.556257033638
000000100010000000000100001000000000010000001000100101110001,0.11821891189516032,5604.911087003082
000000000000010000000000000000000000000010000000000010010010,0.09278633378437506,1652.1164692605903
000000000000010000000000000010100001000000001010000010000110,0.15002326987718018,4805.333719504671
000000000000000000010000001000100001100000000000010000000011,0.1387057304448971,2844.5970136419046
000000000010000000100001000000000000000000000000000000001000,0.11654125072545851,1603.5687399529122
000000000010000000100001000000000000000000001010000010000010,0.1160251793,2517.9407075798013
010000000000000000010000000000000000000000000000000000000000,0.038319135050000064,436.05796396264896
010000000000000000010000000010000000000000000000000000000000,0.041301337549999984,1060.1915128723897
000000000000000000000000001000000000000000000000100000000000,0.016756051250000015,928.8396004374712
000000000000001000000000000000000000001000000001010000000000,0.08907716572500002,1820.8662916639541
000010000011000101010000000000000010000001000100010000110001,0.16883101471861706,6078.096232593913
000000000000000000000110110000100010000001000100010001000000,0.08585114438294472,5013.821913278884
101000000000000000000110110000100000001001001000010000110001,0.20571386192152508,5567.7474153803
000000010010000000100001000000000000000000000000000000000000,0.08866878196250005,1028.7788425587692
000000000000010000000000000000000000000000000100000000000000,0.025446749999999962,708.7961608134628
000000000010000000100001000000000000000000000010000010000010,0.1160251793,1899.987517688673
010001000000000000100000000000000000000000000010000000000000,0.05946928402584517,1979.933832950417
100001000000000000000110110000000001100000000000000010010000,0.15609773731816845,4246.301435920706
000000010010000000100001000000000000000001000100010000110001,0.15853127840215686,3112.7910182164737
101000000100000000000111000000000000001001001000010000110001,0.19288782069746913,6248.527448130376
000000000000001010000000000000000000000000000001010000000011,0.10953079465824267,3774.831611946791
100001000000000000000110110000000001100000000100000010010000,0.15609773731816845,4714.913499429205
000000000100000010000011000000000000000010000000000110010010,0.16821330441168592,4868.742793655006
000000000000000000000010001000000000001001001000000000010010,0.10278868868176094,3547.12334943764
100000000000000000100001001000000000000000001010000010000010,0.12326191585937507,3201.464778537434
000000000000000000010000001001100001100000000000010000000011,0.12774677361211362,4762.028586829062
000000000100000010000011000000010000001001001000000000010010,0.17305572545379833,5326.076999720155
101000000000100000000110110000100000000000000000000000000000,0.08514987903591831,2675.3905703690384
000000000000000000010000000000100000100000000000000000000000,0.03345273196249998,845.9849053357885
100000000000000000000110110000100010000001000100010100110001,0.11253188269371339,6134.351176223365
000000000010000000100001000000000000000000000000000000011000,0.13413565707029051,1722.6002186950059
000000000010000000100001000000000000000010000010000000000000,0.09221155336249998,1688.3190585703546
000000000000001010000001000000000000000010000010000000000000,0.0671429850373979,3432.0980972687084
100001000001000000000110110000000001100000000100000010010000,0.15474622064879484,5201.737596441668
100000000000000000000000100000010000110000000100010000100000,0.06404355143749996,2173.0250411093607
000000000000001000000000000000000000000000000000100010010000,0.06909645936897513,2167.346959290651
000010000100000000010000000000000001100000000000000010010001,0.14233186233736994,3713.0216380636593
101000000010000000100001010000000000000000000010000010000010,0.14327295939839835,3791.55410711204
000000010010000000100001000000000000000000000000000100000000,0.0950655039633328,1823.0148564348924
000000000000000100000110110000100010000001000100010000110001,0.15979181006624388,5287.09318790718
000000000010000000110001000000000000000000000010000010000010,0.12943608924999994,1966.8064249347644
000000001000010000100001000001000000000000000000000000000000,0.13172985051978503,2573.804503855264
000000000010000000100001000000000000000000000010000010010000,0.12240139586249998,1845.5835583342882
000000000010000000100001000000100100100000000000000000000000,0.07755766241250006,2252.1703222145234
000000000000010000010000000000000000000000000000000000000000,0.03865905937500003,342.3815556643603
000000000010000000100001000000000000000000000000011000000011,0.12174845199919282,3088.1733425847174
000000000100000010000011000010010000001001001000000000010010,0.1810794211928013,5849.0175228138
010000000010000000100001000000000000010000000000000100000000,0.10732081958833284,2207.185770439828
010000000000000011000000100000000000000000000000011000000011,0.09965664990292433,4701.881484210102
000000000100000000000111000000000000001001001000010000100001,0.16439584029774523,4954.859316347044
000100000000000000010000000000100001100000000000010000000011,0.1392379165005333,3097.0020081939797
